Summary of catch at age: 
   
Estimates are extracted from: KOLMULE2017.fit.2017_allgears_totalarea_season1234 
based on fitted object: KOLMULE2017.fit 
   
Catch at age is summed over: 
years: 2017 
areas: 4 5 6 7 8 9 12 28 30 31 34 36 37 41 42 43 47 48 49 
gears: 31 35 37 
seasons: 1 2 3 4 
total used catch: 399363.184 tons 
total reported catch: 399363.184 tons 
   
Catch at age (millions) 
age	mean	sd	5%	95%
1	32.6766	8.1844	21.0064	47.6795
2	373.6775	70.6571	271.5387	506.2872
3	2579.5486	246.8189	2172.085	2973.006
4	1083.136	151.2687	867.515	1353.8699
5	388.4793	71.4617	280.0354	512.2863
6	213.6174	41.2148	151.1178	288.6095
7	43.0735	11.7837	27.2595	64.1785
8	11.3219	3.8531	5.9581	18.3354
9	10.9695	4.005	5.5181	17.3781
10	17.0963	6.06	9.9148	29.4533
11	3.2038	1.2453	1.6418	5.4626
12	1.5602	0.7116	0.5203	2.805
13	3.4561	1.5938	1.5628	6.5523
14	0.1558	0.1168	0.0288	0.3815
15+	8.9541	2.0772	5.9214	12.5622
Mean age in catch 
mean	sd	5%	95%
3.5654	0.0674	3.4633	3.6891
   
Length at age (cm) 
age	mean	sd	5%	95%
1	20.3936	0.1747	20.0912	20.6807
2	22.8416	0.1229	22.6399	23.0377
3	24.8894	0.1148	24.7082	25.0822
4	26.5638	0.1256	26.3548	26.7761
5	27.96	0.1488	27.7043	28.2127
6	29.18	0.171	28.89	29.4644
7	30.2912	0.2145	29.9272	30.6344
8	31.28	0.2392	30.8735	31.6598
9	32.1775	0.2606	31.7398	32.6034
10	32.9867	0.2759	32.5311	33.4447
11	33.6727	0.2932	33.1874	34.1668
12	34.2629	0.3422	33.7133	34.8011
13	34.9418	0.353	34.3754	35.5217
14	35.8297	0.3715	35.2047	36.4705
15+	38.1907	0.4586	37.3984	38.947
Mean length in catch 
mean	sd	5%	95%
25.6732	0.1498	25.4184	25.9076
   
Weight at age (g) 
age	mean	sd	5%	95%
1	38.05	1.3896	35.8242	40.313
2	56.6854	1.4515	54.2426	59.0705
3	74.8613	1.7961	72.0729	77.8056
4	91.3141	2.2017	87.8719	94.8724
5	108.0363	2.7923	103.5563	112.5528
6	122.868	3.2927	117.2856	128.2118
7	141.4953	4.3474	134.4832	148.5542
8	156.3895	5.0328	148.239	164.6189
9	170.3572	5.6516	161.3884	179.7481
10	182.3924	6.1519	172.5879	192.5502
11	188.6981	6.9975	177.3447	200.7979
12	190.5251	7.8415	177.927	203.8701
13	203.7869	8.1551	190.8956	217.1151
14	238.2711	9.4119	223.5355	253.4339
15+	272.4686	12.3204	252.3528	293.7555
Mean weight in catch 
mean	sd	5%	95%
83.7702	2.2919	80.006	87.4229
   
Catch at length (millions) 
length	mean	sd	5%	95%
2.5	0	0	0	0
7.5	0	0	0	0
12.5	0	0	0	0
17.5	5.2636	9.1398	5e-04	25.7616
22.5	2501.9681	439.0104	1722.8737	3074.0045
27.5	2170.7558	372.1619	1717.3301	2896.8336
32.5	82.5065	18.6956	50.5319	112.8136
37.5	10.4229	2.7724	6.6893	15.6009
42.5	0.0098	0.0836	0	0.0207
47.5	0	0	0	0
52.5	0	0	0	0
57.5	0	0	0	0
62.5	0	0	0	0
67.5	0	0	0	0
72.5	0	0	0	0
77.5	0	0	0	0
82.5	0	0	0	0
87.5	0	0	0	0
92.5	0	0	0	0
97.5	0	0	0	0
102.5	0	0	0	0
107.5	0	0	0	0
112.5	0	0	0	0
117.5	0	0	0	0
122.5	0	0	0	0
127.5	0	0	0	0
132.5	0	0	0	0
137.5	0	0	0	0
142.5	0	0	0	0
147.5	0	0	0	0
152.5	0	0	0	0
157.5	0	0	0	0
162.5	0	0	0	0
167.5	0	0	0	0
172.5	0	0	0	0
177.5	0	0	0	0
182.5	0	0	0	0
187.5	0	0	0	0
192.5	0	0	0	0
197.5	0	0	0	0
202.5	0	0	0	0
207.5	0	0	0	0
212.5	0	0	0	0
217.5	0	0	0	0
222.5	0	0	0	0
227.5	0	0	0	0
232.5	0	0	0	0
237.5	0	0	0	0
Mean length in catch 
mean	sd	5%	95%
24.9816	0.4338	24.4431	25.7747
   
