Summary of catch at age: 
   
Estimates are extracted from: MAKRELL2017.fit.2017_allgears_totalarea_season1234 
based on fitted object: MAKRELL2017.fit 
   
Catch at age is summed over: 
years: 2017 
areas: 0 5 6 7 8 9 12 28 30 34 37 41 42 43 48 
gears: 31 32 35 36 37 41 43 52 
seasons: 1 2 3 4 
total used catch: 222356.7933 tons 
total reported catch: 222356.7933 tons 
   
Catch at age (millions) 
age	mean	sd	5%	95%
1	833.7825	13237.8228	5.5503	13.9245
2	76.4014	1246.3485	0.172	4.0871
3	11290.417	182103.038	51.1405	89.0359
4	2232.1418	39608.9655	13.6779	28.7176
5	4076.5605	70081.2474	29.9317	55.6682
6	12791.3698	233697.2829	69.9381	111.7711
7	9209.5979	157272.0549	74.2022	118.1739
8	6404.1815	105691.2575	51.6906	86.1322
9	7466.2791	133873.1889	40.5712	74.9242
10	4610.8308	78219.8517	31.8155	56.9217
11	3234.1471	58515.5659	15.0905	30.204
12	2676.1707	45788.6088	7.6647	16.439
13	1193.1292	20024.3089	2.412	9.0755
14	167.656	2637.7928	0.0737	2.7635
15+	108.1005	1806.7793	0.7223	2.6394
Mean age in catch 
mean	sd	5%	95%
6.884	0.129	6.6646	7.0907
   
Length at age (cm) 
age	mean	sd	5%	95%
1	29.3587	2.1195	29.2575	29.8379
2	31.2134	2.2184	31.1556	31.6591
3	32.5619	2.3162	32.5199	33.0028
4	33.6356	2.4105	33.5682	34.0736
5	34.5381	2.4822	34.488	34.9679
6	35.3248	2.4956	35.2694	35.754
7	35.9994	2.5765	35.9357	36.4512
8	36.6157	2.61	36.5778	37.0764
9	37.173	2.6763	37.1432	37.6444
10	37.6816	2.7108	37.6427	38.1755
11	38.1629	2.7201	38.089	38.6587
12	38.6039	2.756	38.5871	39.1181
13	39.0154	2.765	38.9778	39.5543
14	39.3896	2.8532	39.3522	39.9571
15+	40.6957	2.9478	40.5201	41.3934
Mean length in catch 
mean	sd	5%	95%
35.6443	2.5446	35.622	36.1547
   
Weight at age (g) 
age	mean	sd	5%	95%
1	227.3315	21.5023	221.3082	237.1606
2	274.8587	25.5112	269.192	285.5014
3	313.3598	28.9567	304.9395	324.3949
4	346.7143	32.5545	339.1468	358.3272
5	376.5448	35.0928	367.3833	388.6102
6	403.6292	37.2583	394.4693	416.3416
7	428.3276	40.0605	418.759	442.1067
8	451.4063	42.0547	439.4309	466.0489
9	473.1974	44.6133	463.1081	488.7743
10	493.5571	46.8143	482.7339	510.6078
11	513.3338	47.8375	501.5569	530.5609
12	532.0366	49.147	519.9185	550.0564
13	549.8467	50.8695	537.7328	568.9933
14	566.5914	53.555	550.8448	588.322
15+	627.1479	60.0266	608.5798	657.1774
Mean weight in catch 
mean	sd	5%	95%
419.0001	39.1068	406.3205	434.2506
   
Catch at length (millions) 
length	mean	sd	5%	95%
2.5	65673.5626	1137103.6603	0	0
7.5	2.6173	42.3519	0	0
12.5	1.963	22.66	0	0
17.5	0.5482	5.7313	0	0
22.5	0.5963	4.1345	0	0.148
27.5	12.6745	65.8591	5.3108	15.0255
32.5	148.4766	494.9772	100.3572	152.5788
37.5	525.5077	3112.7766	366.5708	407.3653
42.5	4.7342	65.4638	0.7048	4.5456
47.5	0.0547	0.3455	0	0.0225
52.5	0.0141	0.1459	0	0
57.5	0.0087	0.0986	0	0
62.5	0.0039	0.0545	0	0
67.5	0.0025	0.0416	0	0
72.5	2e-04	0.0043	0	0
77.5	0	1e-04	0	0
82.5	0	2e-04	0	0
87.5	0	0	0	0
92.5	1e-04	0.0019	0	0
97.5	1e-04	0.0014	0	0
102.5	2e-04	0.0054	0	0
107.5	2e-04	0.0046	0	0
112.5	0	0.0011	0	0
117.5	0	1e-04	0	0
122.5	0	0	0	0
127.5	0	0	0	0
132.5	0	9e-04	0	0
137.5	0	1e-04	0	0
142.5	0	7e-04	0	0
147.5	1e-04	0.0019	0	0
152.5	1e-04	0.0018	0	0
157.5	1e-04	0.0013	0	0
162.5	1e-04	0.0012	0	0
167.5	0	6e-04	0	0
172.5	0	1e-04	0	0
177.5	0	0	0	0
182.5	0	0	0	0
187.5	0	0	0	0
192.5	0	0	0	0
197.5	0	0	0	0
202.5	0	0	0	0
207.5	0	0	0	0
212.5	0	0	0	0
217.5	0	0	0	0
222.5	0	0	0	0
227.5	0	0	0	0
232.5	0	1e-04	0	0
237.5	1e-04	0.0013	0	0
Mean length in catch 
mean	sd	5%	95%
35.8491	2.456	35.7483	36.3873
   
