Summary of catch at age: 
   
Estimates are extracted from: MAKRELL2018.fit.2018_allgears_totalarea_season1234 
based on fitted object: MAKRELL2018.fit 
   
Catch at age is summed over: 
years: 2018 
areas: 0 5 6 7 8 9 12 28 30 34 36 37 41 42 43 57 
gears: 31 35 37 41 43 52 
seasons: 1 2 3 4 
total used catch: 187206.8128 tons 
total reported catch: 187206.8128 tons 
   
Catch at age (millions) 
age	mean	sd	5%	95%
1	3.4362	0.7908	2.2083	4.8289
2	52.6507	4.9537	45.2598	60.6478
3	3.9356	0.6312	2.8779	5.0618
4	79.1571	6.5051	68.663	90.4258
5	27.8762	2.8914	23.6646	33.0188
6	28.9057	3.2385	24.0987	34.5223
7	87.3425	7.2647	75.2543	99.5567
8	67.9047	5.0961	59.3921	76.2855
9	33.3229	3.2773	28.2172	39.3088
10	28.959	3.0074	24.4693	34.1846
11	25.3418	2.8831	20.4464	30.0687
12	10.5674	1.5956	8.0996	13.3111
13	3.7827	0.7429	2.5207	4.9284
14	1.6992	0.3986	1.1809	2.4573
15+	1.3556	0.4008	0.8169	1.9868
Mean age in catch 
mean	sd	5%	95%
6.568	0.0898	6.4129	6.7052
   
Length at age (cm) 
age	mean	sd	5%	95%
1	30.0796	0.0876	29.9429	30.2225
2	31.8147	0.0773	31.6921	31.9389
3	33.1262	0.0719	33.0104	33.248
4	34.151	0.0683	34.0386	34.2664
5	35.0119	0.0681	34.8995	35.1196
6	35.7644	0.0702	35.6493	35.8777
7	36.4221	0.0727	36.2974	36.5382
8	37.0172	0.0761	36.8915	37.1406
9	37.5531	0.0799	37.4244	37.6817
10	38.0501	0.0835	37.9131	38.1919
11	38.4831	0.0893	38.3421	38.6356
12	38.8999	0.0941	38.7487	39.0498
13	39.3258	0.1004	39.1563	39.5007
14	39.6906	0.1036	39.5197	39.8587
15+	40.7333	0.2439	40.3109	41.0816
Mean length in catch 
mean	sd	5%	95%
35.7881	0.0947	35.6287	35.9357
   
Weight at age (g) 
age	mean	sd	5%	95%
1	231.6675	2.6018	227.4409	235.7692
2	276.9786	2.6342	272.8853	281.1511
3	316.2363	2.8458	311.3382	320.8724
4	348.7116	2.7921	343.943	353.38
5	377.6651	2.9461	372.6764	382.3603
6	404.7197	3.1395	399.0932	409.5004
7	429.1378	3.3628	423.3461	434.5984
8	452.4096	3.6011	446.4638	458.4565
9	473.8127	3.9586	466.9445	479.6214
10	494.5761	4.2653	487.3631	501.1413
11	511.9312	4.5276	504.2808	519.3877
12	529.8501	4.8555	522.049	537.5966
13	550.3473	5.7609	540.9689	559.795
14	566.6434	5.9413	557.6889	575.9114
15+	615.4794	12.3273	593.8044	632.4266
Mean weight in catch 
mean	sd	5%	95%
410.364	3.8542	403.4567	416.3129
   
Catch at length (millions) 
length	mean	sd	5%	95%
0.5	0	0	0	0
1.5	0	0	0	0
2.5	0	0	0	0
3.5	0	0	0	0
4.5	0	0	0	0
5.5	0	0	0	0
6.5	0	0	0	0
7.5	0	0	0	0
8.5	0	0	0	0
9.5	0	0	0	0
10.5	0	0	0	0
11.5	0	0	0	0
12.5	0	0	0	0
13.5	0	0	0	0
14.5	0	0	0	0
15.5	0	0	0	0
16.5	0	0	0	0
17.5	0	0	0	0
18.5	0	0	0	0
19.5	0	0	0	0
20.5	0	0	0	0
21.5	0	0	0	0
22.5	0	0	0	0
23.5	0	0	0	0
24.5	2e-04	0.0029	0	0
25.5	0	9e-04	0	0
26.5	0.0056	0.0816	0	0
27.5	0.0134	0.0426	0	0.0876
28.5	0.1141	0.1575	0.0277	0.1856
29.5	0.6515	0.7787	0.0158	2.5567
30.5	4.2958	1.2192	2.2256	6.2566
31.5	45.6364	6.5721	36.8565	55.1732
32.5	6.5012	4.8835	1.3724	11.7688
33.5	17.0009	15.2893	5.2023	53.9124
34.5	82.6036	15.1112	48.8729	101.3135
35.5	37.0816	6.9672	27.7331	51.5168
36.5	131.6352	15.0028	98.6393	150.6954
37.5	74.2746	7.9689	63.5174	90.6766
38.5	46.3967	5.8894	38.5723	58.22
39.5	8.6115	1.8554	6.042	12.0366
40.5	0.7665	0.3555	0.3373	1.4461
41.5	0.6169	0.3715	0.1529	1.2187
42.5	0.0292	0.0571	0	0.1094
43.5	0.0019	0.012	0	0.0057
44.5	3e-04	0.0018	0	0
45.5	1e-04	0.001	0	0
46.5	0	4e-04	0	0
47.5	0	0	0	0
48.5	0	0	0	0
49.5	0	0	0	0
50.5	0	0	0	0
51.5	0	0	0	0
52.5	0	0	0	0
53.5	0	0	0	0
54.5	0	0	0	0
55.5	0	0	0	0
56.5	0	0	0	0
57.5	0	0	0	0
58.5	0	0	0	0
59.5	0	0	0	0
60.5	0	0	0	0
61.5	0	0	0	0
62.5	0	0	0	0
63.5	0	0	0	0
64.5	0	0	0	0
65.5	0	0	0	0
66.5	0	0	0	0
67.5	0	0	0	0
68.5	0	0	0	0
69.5	0	0	0	0
70.5	0	0	0	0
71.5	0	0	0	0
72.5	0	0	0	0
73.5	0	0	0	0
74.5	0	0	0	0
75.5	0	0	0	0
76.5	0	0	0	0
77.5	0	0	0	0
78.5	0	0	0	0
79.5	0	0	0	0
80.5	0	0	0	0
81.5	0	0	0	0
82.5	0	0	0	0
83.5	0	0	0	0
84.5	0	0	0	0
85.5	0	0	0	0
86.5	0	0	0	0
87.5	0	0	0	0
88.5	0	0	0	0
89.5	0	0	0	0
90.5	0	0	0	0
91.5	0	0	0	0
92.5	0	0	0	0
93.5	0	0	0	0
94.5	0	0	0	0
95.5	0	0	0	0
96.5	0	0	0	0
97.5	0	0	0	0
98.5	0	0	0	0
99.5	0	0	0	0
100.5	0	0	0	0
101.5	0	0	0	0
102.5	0	0	0	0
103.5	0	0	0	0
104.5	0	0	0	0
105.5	0	0	0	0
106.5	0	0	0	0
107.5	0	0	0	0
108.5	0	0	0	0
109.5	0	0	0	0
110.5	0	0	0	0
111.5	0	0	0	0
112.5	0	0	0	0
113.5	0	0	0	0
114.5	0	0	0	0
115.5	0	0	0	0
116.5	0	0	0	0
117.5	0	0	0	0
118.5	0	0	0	0
119.5	0	0	0	0
120.5	0	0	0	0
121.5	0	0	0	0
122.5	0	0	0	0
123.5	0	0	0	0
124.5	0	0	0	0
125.5	0	0	0	0
126.5	0	0	0	0
127.5	0	0	0	0
128.5	0	0	0	0
129.5	0	0	0	0
130.5	0	0	0	0
131.5	0	0	0	0
132.5	0	0	0	0
133.5	0	0	0	0
134.5	0	0	0	0
135.5	0	0	0	0
136.5	0	0	0	0
137.5	0	0	0	0
138.5	0	0	0	0
139.5	0	0	0	0
140.5	0	0	0	0
141.5	0	0	0	0
142.5	0	0	0	0
143.5	0	0	0	0
144.5	0	0	0	0
145.5	0	0	0	0
146.5	0	0	0	0
147.5	0	0	0	0
148.5	0	0	0	0
149.5	0	0	0	0
150.5	0	0	0	0
151.5	0	0	0	0
152.5	0	0	0	0
153.5	0	0	0	0
154.5	0	0	0	0
155.5	0	0	0	0
156.5	0	0	0	0
157.5	0	0	0	0
158.5	0	0	0	0
159.5	0	0	0	0
160.5	0	0	0	0
161.5	0	0	0	0
162.5	0	0	0	0
163.5	0	0	0	0
164.5	0	0	0	0
165.5	0	0	0	0
166.5	0	0	0	0
167.5	0	0	0	0
168.5	0	0	0	0
169.5	0	0	0	0
170.5	0	0	0	0
171.5	0	0	0	0
172.5	0	0	0	0
173.5	0	0	0	0
174.5	0	0	0	0
175.5	0	0	0	0
176.5	0	0	0	0
177.5	0	0	0	0
178.5	0	0	0	0
179.5	0	0	0	0
180.5	0	0	0	0
181.5	0	0	0	0
182.5	0	0	0	0
183.5	0	0	0	0
184.5	0	0	0	0
185.5	0	0	0	0
186.5	0	0	0	0
187.5	0	0	0	0
188.5	0	0	0	0
189.5	0	0	0	0
190.5	0	0	0	0
191.5	0	0	0	0
192.5	0	0	0	0
193.5	0	0	0	0
194.5	0	0	0	0
195.5	0	0	0	0
196.5	0	0	0	0
197.5	0	0	0	0
198.5	0	0	0	0
199.5	0	0	0	0
200.5	0	0	0	0
201.5	0	0	0	0
202.5	0	0	0	0
203.5	0	0	0	0
204.5	0	0	0	0
205.5	0	0	0	0
206.5	0	0	0	0
207.5	0	0	0	0
208.5	0	0	0	0
209.5	0	0	0	0
210.5	0	0	0	0
211.5	0	0	0	0
212.5	0	0	0	0
213.5	0	0	0	0
214.5	0	0	0	0
215.5	0	0	0	0
216.5	0	0	0	0
217.5	0	0	0	0
218.5	0	0	0	0
219.5	0	0	0	0
220.5	0	0	0	0
221.5	0	0	0	0
222.5	0	0	0	0
223.5	0	0	0	0
224.5	0	0	0	0
225.5	0	0	0	0
226.5	0	0	0	0
227.5	0	0	0	0
228.5	0	0	0	0
229.5	0	0	0	0
230.5	0	0	0	0
231.5	0	0	0	0
232.5	0	0	0	0
233.5	0	0	0	0
234.5	0	0	0	0
235.5	0	0	0	0
236.5	0	0	0	0
237.5	0	0	0	0
238.5	0	0	0	0
239.5	0	0	0	0
Mean length in catch 
mean	sd	5%	95%
35.7563	0.1069	35.5823	35.9312
   
