omr	lok	lat	lon
0	3	67.25	11.5
0	4	67.5	12
0	5	67.25	13.5
0	10	67.75	13.5
0	11	67.75	14.5
0	37	68.5	17
0	38	68.25	16
0	44	68.25	15.5
0	45	68	15.5
0	46	68.25	15
0	47	70	14
0	48	68	14
0	49	67.5	13
0	50	67.5	14
0	51	67.75	15.5
0	52	67	13
0	53	67.25	14.5
0	54	67.25	15
1	1	67.75	41.5
1	1	67.75	41.5
1	1	67.75	41.5
1	3	67.5	43
1	3	67.5	43
1	3	67.5	43
1	3	67.5	43
1	4	67.5	47
1	4	67.5	47
1	4	67.5	47
1	4	67.5	47
1	4	67.5	47
1	4	67.5	47
1	4	67.5	47
1	5	68.5	41
1	5	68.5	41
1	5	68.5	41
1	5	68.5	41
1	6	68.5	43
1	6	68.5	43
1	6	68.5	43
1	6	68.5	43
1	7	68.75	45
1	7	68.75	45
1	8	68.5	47
1	8	68.5	47
1	8	68.5	47
1	8	68.5	47
1	9	68.5	49
1	9	68.5	49
1	9	68.5	49
1	9	68.5	49
1	10	68.5	51
1	10	68.5	51
1	10	68.5	51
1	10	68.5	51
1	11	69.5	41
1	11	69.5	41
1	11	69.5	41
1	11	69.5	41
1	12	69.5	43
1	12	69.5	43
1	12	69.5	43
1	12	69.5	43
1	13	69.5	45
1	13	69.5	45
1	13	69.5	45
1	13	69.5	45
1	14	69.5	47
1	14	69.5	47
1	14	69.5	47
1	14	69.5	47
1	15	69.5	49
1	15	69.5	49
1	15	69.5	49
1	15	69.5	49
1	16	69.5	51
1	16	69.5	51
1	16	69.5	51
1	16	69.5	51
1	17	69.5	53
1	17	69.5	53
1	17	69.5	53
1	17	69.5	53
1	18	69.5	55
1	18	69.5	55
1	18	69.5	55
1	18	69.5	55
1	19	69.5	57
1	19	69.5	57
1	19	69.5	57
1	19	69.5	57
1	20	69.5	59
1	20	69.5	59
1	20	69.5	59
1	20	69.5	59
1	21	68.75	59.5
1	22	68.75	57
1	22	68.75	57
1	23	68.75	55
1	23	68.75	55
1	24	68.75	52.5
2	1	68.25	39.5
2	1	68.25	39.5
2	2	68.75	37.5
2	3	68.75	38.5
2	4	68.75	39.5
2	5	69.25	33.5
2	6	69.25	34.5
2	7	69.25	35.5
2	8	69.25	36.5
2	9	69.25	37.5
2	10	69.25	38.5
2	11	69.25	39.5
2	12	69.5	33
2	13	69.75	34.5
2	14	69.75	35.5
2	15	69.75	36.5
2	16	69.75	37.5
2	17	69.75	38.5
2	18	69.75	39.5
3	1	69.75	31.5
3	2	70	30.5
3	2	70	30.5
3	3	70.25	31.5
3	4	70.25	32.5
3	5	70.75	28.5
3	6	70.75	29.5
3	7	70.75	30.5
3	8	70.75	31.5
3	9	70.75	32.5
3	10	71.25	26.5
3	11	71.25	27.5
3	12	71.25	28.5
3	13	71.25	29.5
3	14	71.25	30.5
3	15	71.25	31.5
3	16	71.25	32.5
3	17	71.75	27.5
3	18	71.75	28.5
3	19	71.75	29.5
3	20	71.75	30.5
3	21	71.75	31.5
3	22	71.75	32.5
3	23	71.75	26.5
3	24	70.75	26
3	25	70.75	27
3	26	70	32.5
4	1	70.25	18.5
4	2	70.25	19.5
4	3	70.25	20.5
4	4	70.5	21.5
4	5	70.25	22.5
4	6	70.75	16.5
4	7	70.75	17.5
4	8	70.75	18.5
4	9	70.75	19.5
4	10	70.75	20.5
4	11	70.75	21.5
4	12	70.75	22.5
4	13	70.75	23.5
4	14	70.75	24.5
4	15	70.25	23
4	16	71.25	15.5
4	17	71.25	16.5
4	18	71.25	17.5
4	19	71.25	18.5
4	20	71.25	19.5
4	21	71.25	20.5
4	22	71.25	21.5
4	23	71.25	22.5
4	24	71.25	23.5
4	25	71.25	24.5
4	26	71.25	25.5
4	27	70	21
4	28	70	20
4	29	69.75	20.5
5	1	67.25	9.5
5	2	67.25	10.5
5	6	67.75	9.5
5	7	67.75	10.5
5	8	67.75	11.5
5	9	67.75	12.5
5	12	68.25	10.5
5	13	68.25	11.5
5	14	68.25	12.5
5	15	68.25	13.5
5	16	68.5	14
5	17	68.75	11.5
5	18	68.75	12.5
5	19	68.75	13.5
5	20	68.75	14.5
5	21	69.25	12.5
5	22	69.25	13.5
5	23	69.25	14.5
5	24	69.25	15.5
5	25	69.25	16.5
5	26	69.75	13.5
5	27	69.75	14.5
5	28	69.75	15.5
5	29	69.75	16.5
5	30	69.75	17.5
5	31	69.75	18.5
5	32	70.25	14.5
5	33	70.25	15.5
5	34	70.25	16.5
5	35	70.25	17.5
5	36	70.75	15.5
5	39	69.5	19
5	40	69.5	18.5
5	41	69	17
5	42	68.75	16
5	43	68.75	15.5
6	1	64.25	4.5
6	2	64.25	5.5
6	3	64.25	6.5
6	4	64.25	7.5
6	5	64.25	8.5
6	6	64.25	9.5
6	7	64.75	5.5
6	8	64.75	6.5
6	9	64.75	7.5
6	10	64.75	8.5
6	11	64.75	9.5
6	12	64.75	10.5
6	13	65.25	6.5
6	14	65.25	7.5
6	15	65.25	8.5
6	16	65.25	9.5
6	17	65.25	10.5
6	18	65.25	11.5
6	19	65.75	7.5
6	20	65.75	8.5
6	21	65.75	9.5
6	22	65.75	10.5
6	23	65.75	11.5
6	24	66.25	8.5
6	25	66.25	9.5
6	26	66.25	10.5
6	27	66.25	11.5
6	28	66.75	9.5
6	29	66.75	10.5
6	30	66.75	11.5
6	31	66.75	12.5
6	32	66.75	13.5
6	33	66.25	12.5
6	34	66.25	13.5
6	35	65.75	12.5
6	36	65.25	12.5
6	37	64.75	11.5
6	38	64.5	10
7	5	62.25	4.5
7	6	62.75	5.5
7	7	63.25	7.5
7	8	63.75	8.5
7	13	62.25	3.5
7	14	62.75	3.5
7	15	62.75	4.5
7	16	63.25	3.5
7	17	63.25	4.5
7	18	63.25	5.5
7	19	63.25	6.5
7	20	63.75	3.5
7	21	63.75	4.5
7	22	63.75	5.5
7	23	63.75	6.5
7	24	63.75	7.5
7	25	63.75	9.5
7	26	63.5	10.5
7	27	63.75	11
7	28	63.5	9
7	29	63.25	8.5
7	30	63	8
7	31	62.75	6.5
7	32	62.75	7.5
7	33	62.25	5.5
7	34	62.5	6
7	35	62.25	7
8	1	58.25	5.5
8	2	58.75	5.5
8	3	59.25	4.5
8	4	59.75	4.5
8	5	57.75	3.5
8	6	57.75	4.5
8	7	57.75	5.5
8	8	57.75	6.5
8	9	58.25	3.5
8	10	58.25	4.5
8	11	58.75	3.5
8	12	58.75	4.5
8	13	59.25	3.5
8	14	59.75	3.5
8	15	59.75	5
8	16	59.25	5.5
8	17	58.25	6.5
8	18	59	6
8	19	59.25	6
8	20	59.75	6
8	21	60.25	6
8	51	57.75	2.5
8	52	58.25	2.5
8	53	58.75	2.5
8	54	59.25	2.5
8	55	59.75	2.5
9	1	56.25	11.5
9	2	56.25	12.5
9	3	56.75	10.5
9	4	56.75	11.5
9	5	56.75	12.5
9	6	57.25	8.5
9	7	57.25	11.5
9	8	57.75	8.5
9	9	57.75	9.5
9	10	57.75	10.5
9	11	57.75	11.5
9	12	58.25	8.5
9	13	58.25	9.5
9	14	58.25	10.5
9	15	58.25	11.5
9	16	58.75	9.5
9	17	58.75	10.5
9	18	58.75	11.5
9	19	59	9.75
9	20	59.25	10.5
9	21	59	11
9	22	59.75	10.5
9	23	59.75	10.5
9	24	58	7.5
9	25	57.75	7.5
9	26	57.25	9.5
9	27	57.25	10.5
9	28	57.25	12
10	1	70.5	35
10	1	70.5	35
10	1	70.5	35
10	1	70.5	35
10	2	70.5	37
10	2	70.5	37
10	2	70.5	37
10	2	70.5	37
10	3	70.5	39
10	3	70.5	39
10	3	70.5	39
10	3	70.5	39
10	4	71.5	35
10	4	71.5	35
10	4	71.5	35
10	4	71.5	35
10	5	71.5	37
10	5	71.5	37
10	5	71.5	37
10	5	71.5	37
10	6	71.5	39
10	6	71.5	39
10	6	71.5	39
10	6	71.5	39
10	7	71.5	33.5
10	7	71.5	33.5
10	8	70.5	33.5
10	8	70.5	33.5
11	1	70.5	41
11	1	70.5	41
11	1	70.5	41
11	1	70.5	41
11	2	70.5	43
11	2	70.5	43
11	2	70.5	43
11	2	70.5	43
11	3	70.5	45
11	3	70.5	45
11	3	70.5	45
11	3	70.5	45
11	4	70.5	47
11	4	70.5	47
11	4	70.5	47
11	4	70.5	47
11	5	70.5	49
11	5	70.5	49
11	5	70.5	49
11	5	70.5	49
11	6	70.5	51
11	6	70.5	51
11	6	70.5	51
11	6	70.5	51
11	7	70.5	53
11	7	70.5	53
11	7	70.5	53
11	7	70.5	53
11	8	71.5	41
11	8	71.5	41
11	8	71.5	41
11	8	71.5	41
11	9	71.5	43
11	9	71.5	43
11	9	71.5	43
11	9	71.5	43
11	10	71.5	45
11	10	71.5	45
11	10	71.5	45
11	10	71.5	45
11	11	71.5	47
11	11	71.5	47
11	11	71.5	47
11	11	71.5	47
11	12	71.5	49
11	12	71.5	49
11	12	71.5	49
11	12	71.5	49
11	13	71.5	51
11	13	71.5	51
11	13	71.5	51
11	13	71.5	51
11	14	71	52
11	15	70.5	55
11	15	70.5	55
11	16	70.25	57
11	16	70.25	57
12	1	71.75	16
12	1	71.75	16
12	2	71.75	18
12	2	71.75	18
12	3	71.75	20
12	3	71.75	20
12	4	71.75	22
12	4	71.75	22
12	5	71.75	24
12	5	71.75	24
12	6	71.75	25.5
12	7	72.5	16
12	7	72.5	16
12	7	72.5	16
12	7	72.5	16
12	8	72.5	18
12	8	72.5	18
12	8	72.5	18
12	8	72.5	18
12	9	72.5	20
12	9	72.5	20
12	9	72.5	20
12	9	72.5	20
12	10	72.5	22
12	10	72.5	22
12	10	72.5	22
12	10	72.5	22
12	11	72.5	24
12	11	72.5	24
12	11	72.5	24
12	11	72.5	24
12	12	72.5	26.5
12	12	72.5	26.5
12	12	72.5	26.5
12	12	72.5	26.5
12	12	72.5	26.5
12	12	72.5	26.5
12	13	73.25	16
12	13	73.25	16
12	14	73.25	18
12	14	73.25	18
12	15	73.25	20
12	15	73.25	20
12	16	73.25	22
12	16	73.25	22
12	17	73.25	24
12	17	73.25	24
12	18	73.25	26.5
12	18	73.25	26.5
12	18	73.25	26.5
12	19	73.25	29
12	19	73.25	29
12	20	72.5	29
12	20	72.5	29
12	20	72.5	29
12	20	72.5	29
13	2	72.5	31
13	2	72.5	31
13	2	72.5	31
13	2	72.5	31
13	3	72.5	33
13	3	72.5	33
13	3	72.5	33
13	3	72.5	33
13	4	72.5	35
13	4	72.5	35
13	4	72.5	35
13	4	72.5	35
13	5	72.5	37
13	5	72.5	37
13	5	72.5	37
13	5	72.5	37
13	6	72.5	39
13	6	72.5	39
13	6	72.5	39
13	6	72.5	39
13	8	73.5	31
13	8	73.5	31
13	8	73.5	31
13	8	73.5	31
13	9	73.5	33
13	9	73.5	33
13	9	73.5	33
13	9	73.5	33
13	10	73.5	35
13	10	73.5	35
13	10	73.5	35
13	10	73.5	35
13	11	73.5	37
13	11	73.5	37
13	11	73.5	37
13	11	73.5	37
13	12	73.5	39
13	12	73.5	39
13	12	73.5	39
13	12	73.5	39
14	1	72.5	41
14	1	72.5	41
14	1	72.5	41
14	1	72.5	41
14	2	72.5	43
14	2	72.5	43
14	2	72.5	43
14	2	72.5	43
14	3	72.5	45
14	3	72.5	45
14	3	72.5	45
14	3	72.5	45
14	4	72.5	47
14	4	72.5	47
14	4	72.5	47
14	4	72.5	47
14	5	72.5	49
14	5	72.5	49
14	5	72.5	49
14	5	72.5	49
14	6	72.5	51
14	6	72.5	51
14	6	72.5	51
14	6	72.5	51
14	7	73.5	41
14	7	73.5	41
14	7	73.5	41
14	7	73.5	41
14	8	73.5	43
14	8	73.5	43
14	8	73.5	43
14	8	73.5	43
14	9	73.5	45
14	9	73.5	45
14	9	73.5	45
14	9	73.5	45
14	10	73.5	47
14	10	73.5	47
14	10	73.5	47
14	10	73.5	47
14	11	73.5	49
14	11	73.5	49
14	11	73.5	49
14	11	73.5	49
14	12	73.5	51
14	12	73.5	51
14	12	73.5	51
14	12	73.5	51
14	13	73.5	53
14	13	73.5	53
14	13	73.5	53
14	13	73.5	53
14	14	73.5	54
14	14	73.5	54
14	15	72.5	52.5
14	15	72.5	52.5
15	2	75.5	31
15	2	75.5	31
15	2	75.5	31
15	2	75.5	31
15	3	75.5	33
15	3	75.5	33
15	3	75.5	33
15	3	75.5	33
15	4	75.5	35
15	4	75.5	35
15	4	75.5	35
15	4	75.5	35
15	5	75.5	37
15	5	75.5	37
15	5	75.5	37
15	5	75.5	37
15	6	75.5	39
15	6	75.5	39
15	6	75.5	39
15	6	75.5	39
15	8	75.5	31
15	8	75.5	31
15	8	75.5	31
15	8	75.5	31
15	9	75.5	33
15	9	75.5	33
15	9	75.5	33
15	9	75.5	33
15	10	75.5	35
15	10	75.5	35
15	10	75.5	35
15	10	75.5	35
15	11	75.5	37
15	11	75.5	37
15	11	75.5	37
15	11	75.5	37
15	12	75.5	39
15	12	75.5	39
15	12	75.5	39
15	12	75.5	39
16	1	75.5	41
16	1	75.5	41
16	1	75.5	41
16	1	75.5	41
16	2	75.5	43
16	2	75.5	43
16	2	75.5	43
16	2	75.5	43
16	3	75.5	45
16	3	75.5	45
16	3	75.5	45
16	3	75.5	45
16	4	75.5	47
16	4	75.5	47
16	4	75.5	47
16	4	75.5	47
16	5	75.5	49
16	5	75.5	49
16	5	75.5	49
16	5	75.5	49
16	6	75.5	51
16	6	75.5	51
16	6	75.5	51
16	6	75.5	51
16	7	75.5	53
16	7	75.5	53
16	7	75.5	53
16	7	75.5	53
16	8	75.5	41
16	8	75.5	41
16	8	75.5	41
16	8	75.5	41
16	9	75.5	43
16	9	75.5	43
16	9	75.5	43
16	9	75.5	43
16	10	75.5	45
16	10	75.5	45
16	10	75.5	45
16	10	75.5	45
16	11	75.5	47
16	11	75.5	47
16	11	75.5	47
16	11	75.5	47
16	12	75.5	49
16	12	75.5	49
16	12	75.5	49
16	12	75.5	49
16	13	75.5	51
16	13	75.5	51
16	13	75.5	51
16	13	75.5	51
16	14	75.5	53
16	14	75.5	53
16	14	75.5	53
16	14	75.5	53
16	15	75.5	55
16	15	75.5	55
16	15	75.5	55
16	15	75.5	55
16	16	75.5	57
16	16	75.5	57
16	16	75.5	57
16	16	75.5	57
16	17	75.75	58.5
16	18	76	59.5
16	19	74.75	56.5
16	20	75.5	55
16	20	75.5	55
16	20	75.5	55
16	20	75.5	55
17	1	76.5	41
17	1	76.5	41
17	1	76.5	41
17	1	76.5	41
17	2	76.5	43
17	2	76.5	43
17	2	76.5	43
17	2	76.5	43
17	3	76.5	45
17	3	76.5	45
17	3	76.5	45
17	3	76.5	45
17	4	76.5	47
17	4	76.5	47
17	4	76.5	47
17	4	76.5	47
17	5	76.5	49
17	5	76.5	49
17	5	76.5	49
17	5	76.5	49
17	6	76.5	50.5
17	6	76.5	50.5
17	8	77.5	41
17	8	77.5	41
17	8	77.5	41
17	8	77.5	41
17	9	77.5	43
17	9	77.5	43
17	9	77.5	43
17	9	77.5	43
17	10	77.5	45
17	10	77.5	45
17	10	77.5	45
17	10	77.5	45
17	11	77.5	47
17	11	77.5	47
17	11	77.5	47
17	11	77.5	47
17	12	77.5	49
17	12	77.5	49
17	12	77.5	49
17	12	77.5	49
17	13	77.5	50.5
17	13	77.5	50.5
17	15	78.5	41
17	15	78.5	41
17	15	78.5	41
17	15	78.5	41
17	16	78.5	43
17	16	78.5	43
17	16	78.5	43
17	16	78.5	43
17	17	78.5	45
17	17	78.5	45
17	17	78.5	45
17	17	78.5	45
17	18	78.5	47
17	18	78.5	47
17	18	78.5	47
17	18	78.5	47
17	19	78.5	49
17	19	78.5	49
17	19	78.5	49
17	19	78.5	49
17	20	78.5	50.5
17	20	78.5	50.5
17	22	79.5	41
17	22	79.5	41
17	22	79.5	41
17	22	79.5	41
17	23	79.5	43
17	23	79.5	43
17	23	79.5	43
17	23	79.5	43
17	24	79.5	45
17	24	79.5	45
17	24	79.5	45
17	24	79.5	45
17	25	79.5	47
17	25	79.5	47
17	25	79.5	47
17	25	79.5	47
17	26	79.5	49
17	26	79.5	49
17	26	79.5	49
17	26	79.5	49
17	27	79.5	50.5
17	27	79.5	50.5
17	28	80.5	41
17	28	80.5	41
17	28	80.5	41
17	28	80.5	41
17	29	80.5	43
17	29	80.5	43
17	29	80.5	43
17	29	80.5	43
17	30	80.5	45
17	30	80.5	45
17	30	80.5	45
17	30	80.5	45
17	31	80.5	47
17	31	80.5	47
17	31	80.5	47
17	31	80.5	47
17	32	80.5	49
17	32	80.5	49
17	32	80.5	49
17	32	80.5	49
17	33	80.5	50.5
17	33	80.5	50.5
17	34	81.5	41
17	34	81.5	41
17	34	81.5	41
17	34	81.5	41
17	35	81.5	43
17	35	81.5	43
17	35	81.5	43
17	35	81.5	43
17	36	81.5	45
17	36	81.5	45
17	36	81.5	45
17	36	81.5	45
17	37	81.5	47
17	37	81.5	47
17	37	81.5	47
17	37	81.5	47
17	38	81.5	49
17	38	81.5	49
17	38	81.5	49
17	38	81.5	49
17	39	81.5	50.5
17	39	81.5	50.5
17	40	82.25	41
17	40	82.25	41
17	41	82.25	43
17	41	82.25	43
17	42	82.25	45
17	42	82.25	45
17	43	82.25	47
17	43	82.25	47
17	44	82.25	49
17	44	82.25	49
17	45	82.25	50.5
18	1	76.5	55
18	1	76.5	55
18	1	76.5	55
18	1	76.5	55
18	2	76.5	57
18	2	76.5	57
18	2	76.5	57
18	2	76.5	57
18	3	76.5	59
18	3	76.5	59
18	3	76.5	59
18	3	76.5	59
18	4	76.5	61
18	4	76.5	61
18	4	76.5	61
18	4	76.5	61
18	5	76.5	63
18	5	76.5	63
18	5	76.5	63
18	5	76.5	63
18	6	76.75	65
18	6	76.75	65
18	7	77	66
18	8	77.25	55
18	8	77.25	55
18	8	77.25	55
18	8	77.25	55
18	9	77.25	57
18	9	77.25	57
18	9	77.25	57
18	9	77.25	57
18	10	77.25	59
18	10	77.25	59
18	10	77.25	59
18	10	77.25	59
18	11	77.25	61
18	11	77.25	61
18	11	77.25	61
18	11	77.25	61
18	12	77.25	63
18	12	77.25	63
18	12	77.25	63
18	12	77.25	63
18	13	77.25	65
18	13	77.25	65
18	13	77.25	65
18	13	77.25	65
18	14	77.25	67
18	14	77.25	67
18	14	77.25	67
18	14	77.25	67
18	15	75.5	55
18	15	75.5	55
18	15	75.5	55
18	15	75.5	55
18	16	75.5	57
18	16	75.5	57
18	16	75.5	57
18	16	75.5	57
18	17	75.5	59
18	17	75.5	59
18	17	75.5	59
18	17	75.5	59
18	18	75.5	61
18	18	75.5	61
18	18	75.5	61
18	18	75.5	61
18	19	75.5	63
18	19	75.5	63
18	19	75.5	63
18	19	75.5	63
18	20	75.5	65
18	20	75.5	65
18	20	75.5	65
18	20	75.5	65
18	21	75.5	67
18	21	75.5	67
18	21	75.5	67
18	21	75.5	67
18	22	79.5	55
18	22	79.5	55
18	22	79.5	55
18	22	79.5	55
18	23	79.5	57
18	23	79.5	57
18	23	79.5	57
18	23	79.5	57
18	24	79.5	59
18	24	79.5	59
18	24	79.5	59
18	24	79.5	59
18	25	79.5	61
18	25	79.5	61
18	25	79.5	61
18	25	79.5	61
18	26	79.5	63
18	26	79.5	63
18	26	79.5	63
18	26	79.5	63
18	27	79.5	65
18	27	79.5	65
18	27	79.5	65
18	27	79.5	65
18	28	79.5	67
18	28	79.5	67
18	28	79.5	67
18	28	79.5	67
18	29	76.5	51.5
18	29	76.5	51.5
18	30	76.5	53
18	30	76.5	53
18	30	76.5	53
18	30	76.5	53
18	31	77.5	51.5
18	31	77.5	51.5
18	32	77.5	53
18	32	77.5	53
18	32	77.5	53
18	32	77.5	53
18	33	78.5	51.5
18	33	78.5	51.5
18	34	75.5	53
18	34	75.5	53
18	34	75.5	53
18	34	75.5	53
18	35	79.5	51.5
18	35	79.5	51.5
18	36	79.5	53
18	36	79.5	53
18	36	79.5	53
18	36	79.5	53
18	37	80.5	51.5
18	37	80.5	51.5
18	38	80.5	53
18	38	80.5	53
18	38	80.5	53
18	38	80.5	53
18	39	80.5	55
18	39	80.5	55
18	39	80.5	55
18	39	80.5	55
18	40	80.5	57
18	40	80.5	57
18	40	80.5	57
18	40	80.5	57
18	41	80.5	59
18	41	80.5	59
18	41	80.5	59
18	41	80.5	59
18	42	80.5	61
18	42	80.5	61
18	42	80.5	61
18	42	80.5	61
18	43	80.5	63
18	43	80.5	63
18	43	80.5	63
18	43	80.5	63
18	44	80.5	65
18	44	80.5	65
18	44	80.5	65
18	44	80.5	65
18	45	80.5	67
18	45	80.5	67
18	45	80.5	67
18	45	80.5	67
18	46	81.5	51.5
18	46	81.5	51.5
18	47	81.5	53
18	47	81.5	53
18	47	81.5	53
18	47	81.5	53
18	48	81.5	55
18	48	81.5	55
18	48	81.5	55
18	48	81.5	55
18	49	81.5	57
18	49	81.5	57
18	49	81.5	57
18	49	81.5	57
18	50	81.5	59
18	50	81.5	59
18	50	81.5	59
18	50	81.5	59
18	51	81.5	61
18	51	81.5	61
18	51	81.5	61
18	51	81.5	61
18	52	81.5	63
18	52	81.5	63
18	52	81.5	63
18	52	81.5	63
18	53	81.5	65
18	53	81.5	65
18	53	81.5	65
18	53	81.5	65
18	54	81.5	67
18	54	81.5	67
18	54	81.5	67
18	54	81.5	67
18	55	82.25	51.5
18	56	82.25	53
18	56	82.25	53
18	57	82.25	55
18	57	82.25	55
18	58	82.25	57
18	58	82.25	57
18	59	82.25	59
18	59	82.25	59
18	60	82.25	61
18	60	82.25	61
18	61	82.25	63
18	61	82.25	63
18	62	82.25	65
18	62	82.25	65
18	63	82.25	67
18	63	82.25	67
20	1	73.75	16
20	1	73.75	16
20	2	73.75	18
20	2	73.75	18
20	3	73.75	20
20	3	73.75	20
20	4	73.75	22
20	4	73.75	22
20	5	73.75	24
20	5	73.75	24
20	6	73.75	26.5
20	6	73.75	26.5
20	6	73.75	26.5
20	7	75.5	16
20	7	75.5	16
20	7	75.5	16
20	7	75.5	16
20	8	75.5	18
20	8	75.5	18
20	8	75.5	18
20	8	75.5	18
20	9	75.5	20
20	9	75.5	20
20	9	75.5	20
20	9	75.5	20
20	10	75.5	22
20	10	75.5	22
20	10	75.5	22
20	10	75.5	22
20	11	75.5	24
20	11	75.5	24
20	11	75.5	24
20	11	75.5	24
20	12	75.5	26.5
20	12	75.5	26.5
20	12	75.5	26.5
20	12	75.5	26.5
20	12	75.5	26.5
20	12	75.5	26.5
20	13	75.5	16
20	13	75.5	16
20	13	75.5	16
20	13	75.5	16
20	14	75.5	18
20	14	75.5	18
20	14	75.5	18
20	14	75.5	18
20	15	75.5	20
20	15	75.5	20
20	15	75.5	20
20	15	75.5	20
20	16	75.5	22
20	16	75.5	22
20	16	75.5	22
20	16	75.5	22
20	17	75.25	24
20	17	75.25	24
20	19	75.5	29
20	19	75.5	29
20	19	75.5	29
20	19	75.5	29
20	20	73.75	29
20	20	73.75	29
21	1	76.25	4
21	1	76.25	4
21	2	76.25	6
21	2	76.25	6
21	3	76.25	8
21	3	76.25	8
21	4	76.25	10
21	4	76.25	10
21	5	76.25	12
21	5	76.25	12
21	6	76.25	14
21	6	76.25	14
21	7	76.25	15.5
21	8	76.75	4
21	8	76.75	4
21	9	76.75	6
21	9	76.75	6
21	10	76.75	8
21	10	76.75	8
21	11	76.75	10
21	11	76.75	10
21	12	76.75	12
21	12	76.75	12
21	13	76.75	14
21	13	76.75	14
21	14	76.75	15.5
21	15	77.25	4
21	15	77.25	4
21	16	77.25	6
21	16	77.25	6
21	17	77.25	8
21	17	77.25	8
21	18	77.25	10
21	18	77.25	10
21	19	77.25	12
21	19	77.25	12
21	20	77.25	14
21	20	77.25	14
21	21	77	15
21	22	77.75	4
21	22	77.75	4
21	23	77.75	6
21	23	77.75	6
21	24	77.75	8
21	24	77.75	8
21	25	77.75	10
21	25	77.75	10
21	26	77.75	12
21	26	77.75	12
21	27	77.75	13.5
21	28	77.75	15.5
22	1	76.25	17
22	1	76.25	17
22	2	76.25	19
22	2	76.25	19
22	3	76.25	21
22	3	76.25	21
22	4	76.75	17.5
22	5	76.75	19
22	5	76.75	19
22	6	76.75	21
22	6	76.75	21
22	7	77.25	17.5
22	8	77.25	19
22	8	77.25	19
22	9	77.25	21
22	9	77.25	21
22	10	77.75	19
22	10	77.75	19
22	11	77.75	20.5
22	12	78.25	19.5
22	13	78.25	20.5
22	14	78.5	20
22	15	78.58	20.5
22	16	79.5	18
22	17	79.25	19.5
22	18	79.25	21
22	18	79.25	21
22	19	80	17.5
22	20	79.75	18.5
22	21	79.75	20.5
22	22	80.25	17.5
22	23	80.25	18.5
22	24	80.25	21.5
22	25	80.75	17.5
22	26	80.75	19
22	26	80.75	19
22	27	80.75	21
22	27	80.75	21
22	28	81.25	17.5
22	29	81.25	19
22	29	81.25	19
22	30	81.25	21
22	30	81.25	21
22	31	81.75	17.5
22	32	81.75	19
22	32	81.75	19
22	33	81.75	21
22	33	81.75	21
22	34	82.25	17.5
22	35	82.25	19
22	35	82.25	19
22	36	82.25	21
22	36	82.25	21
23	1	75.75	24.5
23	1	75.75	24.5
23	1	75.75	24.5
23	1	75.75	24.5
23	2	75.5	27
23	2	75.5	27
23	2	75.5	27
23	2	75.5	27
23	3	75.5	29
23	3	75.5	29
23	3	75.5	29
23	3	75.5	29
23	4	76.25	23
23	4	76.25	23
23	5	76.25	25
23	5	76.25	25
23	6	76.25	27
23	6	76.25	27
23	7	76.25	29
23	7	76.25	29
23	8	76.75	23
23	8	76.75	23
23	9	76.75	25
23	9	76.75	25
23	10	76.75	27
23	10	76.75	27
23	11	76.75	29
23	11	76.75	29
23	12	77.25	23
23	12	77.25	23
23	13	77.25	25
23	13	77.25	25
23	14	77.25	27
23	14	77.25	27
23	15	77.25	29
23	15	77.25	29
23	16	78	24
23	17	77.75	25
23	17	77.75	25
23	18	77.75	27
23	18	77.75	27
23	19	77.75	29
23	19	77.75	29
23	20	78.25	23
23	20	78.25	23
23	21	78.25	25
23	21	78.25	25
23	22	78.25	27
23	22	78.25	27
23	23	78.25	29
23	23	78.25	29
23	24	78.75	23
23	24	78.75	23
23	25	78.75	25
23	25	78.75	25
23	26	78.75	27
23	26	78.75	27
23	27	78.75	29
23	27	78.75	29
23	28	79	23
23	28	79	23
23	29	79.25	25
23	29	79.25	25
23	30	79.25	27
23	30	79.25	27
23	31	79.25	29
23	31	79.25	29
23	32	79.75	27
23	32	79.75	27
23	33	79.75	29
23	33	79.75	29
23	34	80.25	22.5
23	35	80.25	25.5
23	36	80.25	27
23	36	80.25	27
23	37	80.25	29
23	37	80.25	29
23	38	80.75	23
23	38	80.75	23
23	39	80.75	25
23	39	80.75	25
23	40	80.75	27
23	40	80.75	27
23	41	80.75	29
23	41	80.75	29
23	42	81.25	23
23	42	81.25	23
23	43	81.25	25
23	43	81.25	25
23	44	81.25	27
23	44	81.25	27
23	45	81.25	29
23	45	81.25	29
23	46	81.75	23
23	46	81.75	23
23	47	81.75	25
23	47	81.75	25
23	48	81.75	27
23	48	81.75	27
23	49	81.75	29
23	49	81.75	29
23	50	82.25	23
23	50	82.25	23
23	51	82.25	25
23	51	82.25	25
23	52	82.25	27
23	52	82.25	27
23	53	82.25	29
23	53	82.25	29
24	1	76.5	31
24	1	76.5	31
24	1	76.5	31
24	1	76.5	31
24	2	76.5	33
24	2	76.5	33
24	2	76.5	33
24	2	76.5	33
24	3	76.5	35
24	3	76.5	35
24	3	76.5	35
24	3	76.5	35
24	4	76.5	37
24	4	76.5	37
24	4	76.5	37
24	4	76.5	37
24	5	76.5	39
24	5	76.5	39
24	5	76.5	39
24	5	76.5	39
24	6	77.5	31
24	6	77.5	31
24	6	77.5	31
24	6	77.5	31
24	7	77.5	33
24	7	77.5	33
24	7	77.5	33
24	7	77.5	33
24	8	77.5	35
24	8	77.5	35
24	8	77.5	35
24	8	77.5	35
24	9	77.5	37
24	9	77.5	37
24	9	77.5	37
24	9	77.5	37
24	10	77.5	39
24	10	77.5	39
24	10	77.5	39
24	10	77.5	39
24	11	78.5	31
24	11	78.5	31
24	11	78.5	31
24	11	78.5	31
24	12	78.5	33
24	12	78.5	33
24	12	78.5	33
24	12	78.5	33
24	13	78.5	35
24	13	78.5	35
24	13	78.5	35
24	13	78.5	35
24	14	78.5	37
24	14	78.5	37
24	14	78.5	37
24	14	78.5	37
24	15	78.5	39
24	15	78.5	39
24	15	78.5	39
24	15	78.5	39
24	16	79.5	31
24	16	79.5	31
24	16	79.5	31
24	16	79.5	31
24	17	79.5	33
24	17	79.5	33
24	17	79.5	33
24	17	79.5	33
24	18	79.5	35
24	18	79.5	35
24	18	79.5	35
24	18	79.5	35
24	19	79.5	37
24	19	79.5	37
24	19	79.5	37
24	19	79.5	37
24	20	79.5	39
24	20	79.5	39
24	20	79.5	39
24	20	79.5	39
24	21	80.5	31
24	21	80.5	31
24	21	80.5	31
24	21	80.5	31
24	22	80.5	33
24	22	80.5	33
24	22	80.5	33
24	22	80.5	33
24	23	80.5	35
24	23	80.5	35
24	23	80.5	35
24	23	80.5	35
24	24	80.5	37
24	24	80.5	37
24	24	80.5	37
24	24	80.5	37
24	25	80.5	39
24	25	80.5	39
24	25	80.5	39
24	25	80.5	39
24	26	81.5	31
24	26	81.5	31
24	26	81.5	31
24	26	81.5	31
24	27	81.5	33
24	27	81.5	33
24	27	81.5	33
24	27	81.5	33
24	28	81.5	35
24	28	81.5	35
24	28	81.5	35
24	28	81.5	35
24	29	81.5	37
24	29	81.5	37
24	29	81.5	37
24	29	81.5	37
24	30	81.5	39
24	30	81.5	39
24	30	81.5	39
24	30	81.5	39
24	31	82.25	31
24	31	82.25	31
24	32	82.25	33
24	32	82.25	33
24	33	82.25	35
24	33	82.25	35
24	34	82.25	37
24	34	82.25	37
24	35	82.25	39
24	35	82.25	39
25	1	78.25	4
25	1	78.25	4
25	2	78.25	6
25	2	78.25	6
25	3	78.25	8
25	3	78.25	8
25	4	78.25	10
25	4	78.25	10
25	5	78.25	12
25	5	78.25	12
25	6	78.25	14
25	6	78.25	14
25	7	78.25	15.5
25	8	78.75	4
25	8	78.75	4
25	9	78.75	6
25	9	78.75	6
25	10	78.75	8
25	10	78.75	8
25	11	78.75	10
25	11	78.75	10
25	12	78.75	11.5
25	13	78.5	15
25	14	78.5	16
25	15	79.25	4
25	15	79.25	4
25	16	79.25	6
25	16	79.25	6
25	17	79.25	8
25	17	79.25	8
25	18	79.25	10
25	18	79.25	10
25	19	79	11.5
25	20	79.5	13.5
25	21	79.5	15.5
25	22	79.75	4
25	22	79.75	4
25	23	79.75	6
25	23	79.75	6
25	24	79.75	8
25	24	79.75	8
25	25	79.75	10
25	25	79.75	10
25	26	80	12
25	26	80	12
25	27	79.75	14
25	27	79.75	14
25	28	79.75	15.5
25	29	80.25	4
25	29	80.25	4
25	30	80.25	6
25	30	80.25	6
25	31	80.25	8
25	31	80.25	8
25	32	80.25	10
25	32	80.25	10
25	33	80.25	12
25	33	80.25	12
25	34	80.25	14
25	34	80.25	14
25	35	80.25	16
25	35	80.25	16
25	36	80.75	4
25	36	80.75	4
25	37	80.75	6
25	37	80.75	6
25	38	80.75	8
25	38	80.75	8
25	39	80.75	10
25	39	80.75	10
25	40	80.75	12
25	40	80.75	12
25	41	80.75	14
25	41	80.75	14
25	42	80.75	16
25	42	80.75	16
25	43	81.25	4
25	43	81.25	4
25	44	81.25	6
25	44	81.25	6
25	45	81.25	8
25	45	81.25	8
25	46	81.25	10
25	46	81.25	10
25	47	81.25	12
25	47	81.25	12
25	48	81.25	14
25	48	81.25	14
25	49	81.25	16
25	49	81.25	16
25	50	81.75	4
25	50	81.75	4
25	51	81.75	6
25	51	81.75	6
25	52	81.75	8
25	52	81.75	8
25	53	81.75	10
25	53	81.75	10
25	54	81.75	12
25	54	81.75	12
25	55	81.75	14
25	55	81.75	14
25	56	81.75	16
25	56	81.75	16
25	57	82.25	4
25	57	82.25	4
25	58	82.25	6
25	58	82.25	6
25	59	82.25	8
25	59	82.25	8
25	60	82.25	10
25	60	82.25	10
25	61	82.25	12
25	61	82.25	12
25	62	82.25	14
25	62	82.25	14
25	63	82.25	16
25	63	82.25	16
26	1	73.75	-10
26	1	73.75	-10
26	2	73.75	-8
26	2	73.75	-8
26	3	73.75	-6
26	3	73.75	-6
26	4	73.75	-4
26	4	73.75	-4
26	5	73.75	-2
26	5	73.75	-2
26	6	73.75	0
26	6	73.75	0
26	7	73.75	2
26	7	73.75	2
26	8	75.5	-10
26	8	75.5	-10
26	8	75.5	-10
26	8	75.5	-10
26	9	75.5	-8
26	9	75.5	-8
26	9	75.5	-8
26	9	75.5	-8
26	10	75.5	-6
26	10	75.5	-6
26	10	75.5	-6
26	10	75.5	-6
26	11	75.5	-4
26	11	75.5	-4
26	11	75.5	-4
26	11	75.5	-4
26	12	75.5	-2
26	12	75.5	-2
26	12	75.5	-2
26	12	75.5	-2
26	13	75.5	0
26	13	75.5	0
26	13	75.5	0
26	13	75.5	0
26	14	75.5	2
26	14	75.5	2
26	14	75.5	2
26	14	75.5	2
26	15	75.5	-10
26	15	75.5	-10
26	15	75.5	-10
26	15	75.5	-10
26	16	75.5	-8
26	16	75.5	-8
26	16	75.5	-8
26	16	75.5	-8
26	17	75.5	-6
26	17	75.5	-6
26	17	75.5	-6
26	17	75.5	-6
26	18	75.5	-4
26	18	75.5	-4
26	18	75.5	-4
26	18	75.5	-4
26	19	75.5	-2
26	19	75.5	-2
26	19	75.5	-2
26	19	75.5	-2
26	20	75.5	0
26	20	75.5	0
26	20	75.5	0
26	20	75.5	0
26	21	75.5	2
26	21	75.5	2
26	21	75.5	2
26	21	75.5	2
26	22	76.5	-10
26	22	76.5	-10
26	22	76.5	-10
26	22	76.5	-10
26	23	76.5	-8
26	23	76.5	-8
26	23	76.5	-8
26	23	76.5	-8
26	24	76.5	-6
26	24	76.5	-6
26	24	76.5	-6
26	24	76.5	-6
26	25	76.5	-4
26	25	76.5	-4
26	25	76.5	-4
26	25	76.5	-4
26	26	76.5	-2
26	26	76.5	-2
26	26	76.5	-2
26	26	76.5	-2
26	27	76.5	0
26	27	76.5	0
26	27	76.5	0
26	27	76.5	0
26	28	76.5	2
26	28	76.5	2
26	28	76.5	2
26	28	76.5	2
26	29	77.5	-10
26	29	77.5	-10
26	29	77.5	-10
26	29	77.5	-10
26	30	77.5	-8
26	30	77.5	-8
26	30	77.5	-8
26	30	77.5	-8
26	31	77.5	-6
26	31	77.5	-6
26	31	77.5	-6
26	31	77.5	-6
26	32	77.5	-4
26	32	77.5	-4
26	32	77.5	-4
26	32	77.5	-4
26	33	77.5	-2
26	33	77.5	-2
26	33	77.5	-2
26	33	77.5	-2
26	34	77.5	0
26	34	77.5	0
26	34	77.5	0
26	34	77.5	0
26	35	77.5	2
26	35	77.5	2
26	35	77.5	2
26	35	77.5	2
26	36	78.5	-10
26	36	78.5	-10
26	36	78.5	-10
26	36	78.5	-10
26	37	78.25	-8
26	37	78.25	-8
26	37	78.25	-8
26	37	78.25	-8
26	38	78.25	-6
26	38	78.25	-6
26	38	78.25	-6
26	38	78.25	-6
26	39	78.25	-4
26	39	78.25	-4
26	39	78.25	-4
26	39	78.25	-4
26	40	78.25	-2
26	40	78.25	-2
26	40	78.25	-2
26	40	78.25	-2
26	41	78.25	0
26	41	78.25	0
26	41	78.25	0
26	41	78.25	0
26	42	78.25	2
26	42	78.25	2
26	42	78.25	2
26	42	78.25	2
26	43	79.5	-10
26	43	79.5	-10
26	43	79.5	-10
26	43	79.5	-10
26	44	79.5	-8
26	44	79.5	-8
26	44	79.5	-8
26	44	79.5	-8
26	45	79.5	-6
26	45	79.5	-6
26	45	79.5	-6
26	45	79.5	-6
26	46	79.5	-4
26	46	79.5	-4
26	46	79.5	-4
26	46	79.5	-4
26	47	79.5	-2
26	47	79.5	-2
26	47	79.5	-2
26	47	79.5	-2
26	48	79.5	0
26	48	79.5	0
26	48	79.5	0
26	48	79.5	0
26	49	79.5	2
26	49	79.5	2
26	49	79.5	2
26	49	79.5	2
26	50	80.5	-10
26	50	80.5	-10
26	50	80.5	-10
26	50	80.5	-10
26	51	80.5	-8
26	51	80.5	-8
26	51	80.5	-8
26	51	80.5	-8
26	52	80.5	-6
26	52	80.5	-6
26	52	80.5	-6
26	52	80.5	-6
26	53	80.5	-4
26	53	80.5	-4
26	53	80.5	-4
26	53	80.5	-4
26	54	80.5	-2
26	54	80.5	-2
26	54	80.5	-2
26	54	80.5	-2
26	55	80.5	0
26	55	80.5	0
26	55	80.5	0
26	55	80.5	0
26	56	80.5	2
26	56	80.5	2
26	56	80.5	2
26	56	80.5	2
26	57	81.5	-10
26	57	81.5	-10
26	57	81.5	-10
26	57	81.5	-10
26	58	81.5	-8
26	58	81.5	-8
26	58	81.5	-8
26	58	81.5	-8
26	59	81.5	-6
26	59	81.5	-6
26	59	81.5	-6
26	59	81.5	-6
26	60	81.5	-4
26	60	81.5	-4
26	60	81.5	-4
26	60	81.5	-4
26	61	81.5	-2
26	61	81.5	-2
26	61	81.5	-2
26	61	81.5	-2
26	62	81.5	0
26	62	81.5	0
26	62	81.5	0
26	62	81.5	0
26	63	81.5	2
26	63	81.5	2
26	63	81.5	2
26	63	81.5	2
26	64	82.25	-10
26	64	82.25	-10
26	65	82.25	-8
26	65	82.25	-8
26	66	82.25	-6
26	66	82.25	-6
26	67	82.25	-4
26	67	82.25	-4
26	68	82.25	-2
26	68	82.25	-2
26	69	82.25	0
26	69	82.25	0
26	70	82.25	2
26	70	82.25	2
27	13	73.75	4
27	13	73.75	4
27	14	73.75	6
27	14	73.75	6
27	15	73.75	8
27	15	73.75	8
27	16	73.75	10
27	16	73.75	10
27	17	73.75	12
27	17	73.75	12
27	18	73.75	14
27	18	73.75	14
27	19	75.5	4
27	19	75.5	4
27	19	75.5	4
27	19	75.5	4
27	20	75.5	6
27	20	75.5	6
27	20	75.5	6
27	20	75.5	6
27	21	75.5	8
27	21	75.5	8
27	21	75.5	8
27	21	75.5	8
27	22	75.5	10
27	22	75.5	10
27	22	75.5	10
27	22	75.5	10
27	23	75.5	12
27	23	75.5	12
27	23	75.5	12
27	23	75.5	12
27	24	75.5	14
27	24	75.5	14
27	24	75.5	14
27	24	75.5	14
27	25	75.5	4
27	25	75.5	4
27	25	75.5	4
27	25	75.5	4
27	26	75.5	6
27	26	75.5	6
27	26	75.5	6
27	26	75.5	6
27	27	75.5	8
27	27	75.5	8
27	27	75.5	8
27	27	75.5	8
27	28	75.5	10
27	28	75.5	10
27	28	75.5	10
27	28	75.5	10
27	29	75.5	12
27	29	75.5	12
27	29	75.5	12
27	29	75.5	12
27	30	75.5	14
27	30	75.5	14
27	30	75.5	14
27	30	75.5	14
28	1	60.25	4.5
28	2	60.75	4.5
28	3	61.25	4.5
28	4	61.75	4.5
28	9	60.25	3.5
28	10	60.75	3.5
28	11	61.25	3.5
28	12	61.75	3.5
28	36	61.82	6.5
28	37	61.5	5
28	38	61.25	5
28	39	61.25	6.5
28	40	60.75	5.25
28	41	60.25	5.5
28	51	60.25	2.5
28	52	60.75	2.5
28	53	61.25	2.5
28	54	61.75	2.5
30	1	62.5	-3.5
30	1	62.5	-3.5
30	2	62.5	-2
30	2	62.5	-2
30	2	62.5	-2
30	2	62.5	-2
30	3	62.5	0
30	3	62.5	0
30	3	62.5	0
30	3	62.5	0
30	4	62.5	2
30	4	62.5	2
30	4	62.5	2
30	4	62.5	2
30	5	63.5	-6
30	5	63.5	-6
30	5	63.5	-6
30	5	63.5	-6
30	6	63.5	-4
30	6	63.5	-4
30	6	63.5	-4
30	6	63.5	-4
30	7	63.5	-2
30	7	63.5	-2
30	7	63.5	-2
30	7	63.5	-2
30	8	63.5	0
30	8	63.5	0
30	8	63.5	0
30	8	63.5	0
30	9	63.5	2
30	9	63.5	2
30	9	63.5	2
30	9	63.5	2
30	10	64.5	-6
30	10	64.5	-6
30	10	64.5	-6
30	10	64.5	-6
30	11	64.5	-4
30	11	64.5	-4
30	11	64.5	-4
30	11	64.5	-4
30	12	64.5	-2
30	12	64.5	-2
30	12	64.5	-2
30	12	64.5	-2
30	13	64.5	0
30	13	64.5	0
30	13	64.5	0
30	13	64.5	0
30	14	64.5	2
30	14	64.5	2
30	14	64.5	2
30	14	64.5	2
31	1	60.25	-6.5
31	2	60.25	-5.5
31	3	60.75	-6.5
31	4	60.75	-5.5
31	5	60.75	-4.5
31	6	61.25	-6.5
31	7	61.25	-5.5
31	8	61.25	-4.5
31	9	61.75	-6.5
31	10	61.75	-5.5
31	11	61.75	-4.5
31	12	62.25	-6
31	13	62.25	-5.5
31	14	62.25	-4.5
31	15	62.75	-6.5
31	16	62.75	-5.5
31	17	62.75	-4.5
34	1	65.5	-6
34	1	65.5	-6
34	1	65.5	-6
34	1	65.5	-6
34	2	65.5	-4
34	2	65.5	-4
34	2	65.5	-4
34	2	65.5	-4
34	3	65.5	-2
34	3	65.5	-2
34	3	65.5	-2
34	3	65.5	-2
34	4	65.5	0
34	4	65.5	0
34	4	65.5	0
34	4	65.5	0
34	5	65.5	2
34	5	65.5	2
34	5	65.5	2
34	5	65.5	2
34	6	66.5	-6
34	6	66.5	-6
34	6	66.5	-6
34	6	66.5	-6
34	7	66.5	-4
34	7	66.5	-4
34	7	66.5	-4
34	7	66.5	-4
34	8	66.5	-2
34	8	66.5	-2
34	8	66.5	-2
34	8	66.5	-2
34	9	66.5	0
34	9	66.5	0
34	9	66.5	0
34	9	66.5	0
34	10	66.5	2
34	10	66.5	2
34	10	66.5	2
34	10	66.5	2
34	11	67.5	-6
34	11	67.5	-6
34	11	67.5	-6
34	11	67.5	-6
34	12	67.25	-4
34	12	67.25	-4
34	12	67.25	-4
34	12	67.25	-4
34	13	67.25	-2
34	13	67.25	-2
34	13	67.25	-2
34	13	67.25	-2
34	14	67.25	0
34	14	67.25	0
34	14	67.25	0
34	14	67.25	0
34	15	67.25	2
34	15	67.25	2
34	15	67.25	2
34	15	67.25	2
35	1	68.5	-10
35	1	68.5	-10
35	1	68.5	-10
35	1	68.5	-10
35	2	68.5	-8
35	2	68.5	-8
35	2	68.5	-8
35	2	68.5	-8
35	3	69.5	-10
35	3	69.5	-10
35	3	69.5	-10
35	3	69.5	-10
35	4	69.5	-8
35	4	69.5	-8
35	4	69.5	-8
35	4	69.5	-8
35	5	70.25	-10.5
35	6	70.25	-9.5
35	7	70.25	-8.5
35	8	70.25	-7.5
35	9	70.75	-10.5
35	10	70.75	-9.5
35	11	70.75	-8.5
35	12	70.75	-7.5
36	1	68.5	-6
36	1	68.5	-6
36	1	68.5	-6
36	1	68.5	-6
36	2	68.5	-4
36	2	68.5	-4
36	2	68.5	-4
36	2	68.5	-4
36	3	68.5	-2
36	3	68.5	-2
36	3	68.5	-2
36	3	68.5	-2
36	4	68.5	0
36	4	68.5	0
36	4	68.5	0
36	4	68.5	0
36	5	68.5	2
36	5	68.5	2
36	5	68.5	2
36	5	68.5	2
36	6	69.5	-6
36	6	69.5	-6
36	6	69.5	-6
36	6	69.5	-6
36	7	69.5	-4
36	7	69.5	-4
36	7	69.5	-4
36	7	69.5	-4
36	8	69.5	-2
36	8	69.5	-2
36	8	69.5	-2
36	8	69.5	-2
36	9	69.5	0
36	9	69.5	0
36	9	69.5	0
36	9	69.5	0
36	10	69.5	2
36	10	69.5	2
36	10	69.5	2
36	10	69.5	2
36	11	70.25	-6.5
36	12	70.25	-5.5
36	13	70.5	-4
36	13	70.5	-4
36	13	70.5	-4
36	13	70.5	-4
36	14	70.5	-2
36	14	70.5	-2
36	14	70.5	-2
36	14	70.5	-2
36	15	70.5	0
36	15	70.5	0
36	15	70.5	0
36	15	70.5	0
36	16	70.5	2
36	16	70.5	2
36	16	70.5	2
36	16	70.5	2
36	17	70.75	-6.5
36	18	70.75	-5.5
37	1	64.5	4
37	1	64.5	4
37	1	64.5	4
37	2	65.5	4
37	2	65.5	4
37	2	65.5	4
37	2	65.5	4
37	3	65.5	6
37	3	65.5	6
37	3	65.5	6
37	4	66.5	4
37	4	66.5	4
37	4	66.5	4
37	4	66.5	4
37	5	66.5	6
37	5	66.5	6
37	5	66.5	6
37	5	66.5	6
37	6	66.5	8
37	6	66.5	8
37	6	66.5	8
37	7	67.25	4
37	7	67.25	4
37	7	67.25	4
37	7	67.25	4
37	8	67.25	6
37	8	67.25	6
37	8	67.25	6
37	8	67.25	6
37	9	67.25	8
37	9	67.25	8
37	9	67.25	8
37	9	67.25	8
37	10	68.5	4
37	10	68.5	4
37	10	68.5	4
37	10	68.5	4
37	11	68.5	6
37	11	68.5	6
37	11	68.5	6
37	11	68.5	6
37	12	68.5	8
37	12	68.5	8
37	12	68.5	8
37	12	68.5	8
37	13	68.5	10
37	13	68.5	10
37	13	68.5	10
37	14	69.5	4
37	14	69.5	4
37	14	69.5	4
37	14	69.5	4
37	15	69.5	6
37	15	69.5	6
37	15	69.5	6
37	15	69.5	6
37	16	69.5	8
37	16	69.5	8
37	16	69.5	8
37	16	69.5	8
37	17	69.5	10
37	17	69.5	10
37	17	69.5	10
37	17	69.5	10
37	18	69.5	12
37	18	69.5	12
37	18	69.5	12
37	19	70.5	4
37	19	70.5	4
37	19	70.5	4
37	19	70.5	4
37	20	70.5	6
37	20	70.5	6
37	20	70.5	6
37	20	70.5	6
37	21	70.5	8
37	21	70.5	8
37	21	70.5	8
37	21	70.5	8
37	22	70.5	10
37	22	70.5	10
37	22	70.5	10
37	22	70.5	10
37	23	70.5	12
37	23	70.5	12
37	23	70.5	12
37	23	70.5	12
37	24	70.5	14
37	24	70.5	14
37	24	70.5	14
38	1	71.25	-10.5
38	2	71.25	-9.5
38	3	71.25	-8.5
38	4	71.25	-7.5
38	5	71.25	-6.5
38	6	71.25	-5.5
38	7	71.5	-4
38	7	71.5	-4
38	7	71.5	-4
38	7	71.5	-4
38	8	71.5	-2
38	8	71.5	-2
38	8	71.5	-2
38	8	71.5	-2
38	9	71.5	0
38	9	71.5	0
38	9	71.5	0
38	9	71.5	0
38	10	71.5	2
38	10	71.5	2
38	10	71.5	2
38	10	71.5	2
38	11	71.75	-10.5
38	12	71.75	-9.5
38	13	71.75	-8.5
38	14	71.75	-7.5
38	15	71.75	-6.5
38	16	71.75	-5.5
38	17	72.5	-10
38	17	72.5	-10
38	17	72.5	-10
38	17	72.5	-10
38	18	72.5	-8
38	18	72.5	-8
38	18	72.5	-8
38	18	72.5	-8
38	19	72.5	-6
38	19	72.5	-6
38	19	72.5	-6
38	19	72.5	-6
38	20	72.5	-4
38	20	72.5	-4
38	20	72.5	-4
38	20	72.5	-4
38	21	72.5	-2
38	21	72.5	-2
38	21	72.5	-2
38	21	72.5	-2
38	22	72.5	0
38	22	72.5	0
38	22	72.5	0
38	22	72.5	0
38	23	72.5	2
38	23	72.5	2
38	23	72.5	2
38	23	72.5	2
38	24	73.25	-10
38	24	73.25	-10
38	25	73.25	-8
38	25	73.25	-8
38	26	73.25	-6
38	26	73.25	-6
38	27	73.25	-4
38	27	73.25	-4
38	28	73.25	-2
38	28	73.25	-2
38	29	73.25	0
38	29	73.25	0
38	30	73.25	2
38	30	73.25	2
39	1	71.5	4
39	1	71.5	4
39	1	71.5	4
39	1	71.5	4
39	2	71.5	6
39	2	71.5	6
39	2	71.5	6
39	2	71.5	6
39	3	71.5	8
39	3	71.5	8
39	3	71.5	8
39	3	71.5	8
39	4	71.5	10
39	4	71.5	10
39	4	71.5	10
39	4	71.5	10
39	5	71.5	12
39	5	71.5	12
39	5	71.5	12
39	5	71.5	12
39	6	71.5	14
39	6	71.5	14
39	6	71.5	14
39	6	71.5	14
39	7	72.5	4
39	7	72.5	4
39	7	72.5	4
39	7	72.5	4
39	8	72.5	6
39	8	72.5	6
39	8	72.5	6
39	8	72.5	6
39	9	72.5	8
39	9	72.5	8
39	9	72.5	8
39	9	72.5	8
39	10	72.5	10
39	10	72.5	10
39	10	72.5	10
39	10	72.5	10
39	11	72.5	12
39	11	72.5	12
39	11	72.5	12
39	11	72.5	12
39	12	72.5	14
39	12	72.5	14
39	12	72.5	14
39	12	72.5	14
39	13	73.25	4
39	13	73.25	4
39	14	73.25	6
39	14	73.25	6
39	15	73.25	8
39	15	73.25	8
39	16	73.25	10
39	16	73.25	10
39	17	73.25	12
39	17	73.25	12
39	18	73.25	14
39	18	73.25	14
40	1	51.25	1.5
40	2	51.25	2.5
40	3	51.75	1.5
40	4	51.75	2.5
40	5	51.75	3.5
40	6	52.25	2.5
40	7	52.25	3.5
40	8	52.75	2.5
40	9	52.75	3.5
40	10	52.75	4.5
40	11	53.25	0.5
40	12	53.25	1.5
40	13	53.25	2.5
40	14	53.25	3.5
40	15	53.25	4.5
40	16	52.75	5.5
40	17	53.5	6.5
40	18	52.25	4.5
40	19	51.75	4.5
40	20	51.5	3
40	20	51.5	3
40	21	51.5	1
40	22	51.5	1
40	23	52.25	1.5
40	24	52.75	1.5
40	25	53	0.5
41	1	53.75	0.5
41	2	53.75	1.5
41	3	53.75	2.5
41	4	53.75	3.5
41	5	53.75	4.5
41	6	53.75	5.5
41	7	53.75	6.5
41	8	53.75	7.5
41	9	53.75	8.5
41	10	54.25	0.5
41	11	54.25	1.5
41	12	54.25	2.5
41	13	54.25	3.5
41	14	54.25	4.5
41	15	54.25	5.5
41	16	54.25	6.5
41	17	54.25	7.5
41	18	54.25	8.5
41	19	54.75	-0.5
41	20	54.75	0.5
41	21	54.75	1.5
41	22	54.75	2.5
41	23	54.75	3.5
41	24	54.75	4.5
41	25	54.75	5.5
41	26	54.75	6.5
41	27	54.75	7.5
41	28	55.25	-0.5
41	29	55.25	0.5
41	30	55.25	1.5
41	31	55.25	2.5
41	32	55.25	3.5
41	33	55.25	4.5
41	34	55.25	5.5
41	35	55.25	6.5
41	36	55.25	7.5
41	37	55.75	-1.5
41	38	55.75	-0.5
41	39	55.75	0.5
41	40	55.75	1.5
41	41	55.75	2.5
41	42	55.75	3.5
41	43	55.75	4.5
41	44	55.75	5.5
41	45	55.75	6.5
41	46	55.75	7.5
41	47	56.25	-2.5
41	48	56.25	-1.5
41	49	56.25	-0.5
41	50	56.25	0.5
41	51	56.25	1.5
41	52	56.25	2.5
41	53	56.25	3.5
41	54	56.25	4.5
41	55	56.25	5.5
41	56	56.25	6.5
41	57	56.25	7.5
41	58	56.75	-1.5
41	59	56.75	-0.5
41	60	56.75	0.5
41	61	56.75	1.5
41	62	56.75	2.5
41	63	56.75	3.5
41	64	56.75	4.5
41	65	56.75	5.5
41	66	56.75	6.5
41	67	56.75	7.5
41	68	57.25	-1.5
41	69	57.25	-0.5
41	70	57.25	0.5
41	71	57.25	1.5
41	72	57.25	2.5
41	73	57.25	3.5
41	74	57.25	4.5
41	75	57.25	5.5
41	76	57.25	6.5
41	77	57.25	7.5
41	78	56.75	8.5
41	79	56.25	8.5
41	80	55.75	8
41	81	55.25	8.5
41	82	54.75	8.5
41	84	53.75	-0.5
41	85	54.25	-0.5
41	86	54.75	-1.5
41	87	55.25	-1.5
41	88	55.75	-2
41	89	56	-3
41	90	56.75	-2.5
41	91	57	-2
42	1	57.75	-3.5
42	2	57.75	-2.5
42	3	57.75	-1.5
42	4	57.75	-0.5
42	5	57.75	0.5
42	6	57.75	1.5
42	9	58.25	-3.5
42	10	58.25	-2.5
42	11	58.25	-1.5
42	12	58.25	-0.5
42	13	58.25	0.5
42	14	58.25	1.5
42	19	58.75	-3.5
42	20	58.75	-2.5
42	21	58.75	-1.5
42	22	58.75	-0.5
42	23	58.75	0.5
42	24	58.75	1.5
42	29	59.25	-3.5
42	30	59.25	-2.5
42	31	59.25	-1.5
42	32	59.25	-0.5
42	33	59.25	0.5
42	34	59.25	1.5
42	39	59.75	-3.5
42	40	59.75	-2.5
42	41	59.75	-1.5
42	42	59.75	-0.5
42	43	59.75	0.5
42	44	59.75	1.5
42	49	60.25	-3.5
42	50	60.25	-2.5
42	51	60.25	-2
42	52	60.25	-0.5
42	53	60.25	0.5
42	54	60.25	1.5
42	59	60.75	-3.5
42	60	60.75	-2.5
42	61	60.75	-1.5
42	62	60.75	-0.5
42	63	60.75	0.5
42	64	60.75	1.5
42	69	61.25	-3.5
42	70	61.25	-2.5
42	71	61.25	-1.5
42	72	61.25	-0.5
42	73	61.25	0.5
42	74	61.25	1.5
42	79	61.75	-3.5
42	80	61.75	-2.5
42	81	61.75	-1.5
42	82	61.75	-0.5
42	83	61.75	0.5
42	84	61.75	1.5
43	1	54.75	-11.5
43	2	54.75	-10.5
43	3	54.75	-9.5
43	4	54.75	-9
43	5	55.25	-11.5
43	6	55.25	-10.5
43	7	55.25	-9.5
43	8	55.25	-8.5
43	9	55.25	-7.5
43	10	55.25	-6.5
43	11	55.25	-5.5
43	12	55.25	-5
43	13	55.75	-11.5
43	14	55.75	-10.5
43	15	55.75	-9.5
43	16	55.75	-8.5
43	17	55.75	-7.5
43	18	55.75	-6.5
43	19	55.75	-5.5
43	20	55.75	-5
43	21	56.25	-11.5
43	22	56.25	-10.5
43	23	56.25	-9.5
43	24	56.25	-8.5
43	25	56.25	-7.5
43	26	56.25	-6.5
43	27	56.25	-5.5
43	28	56.25	-4.5
43	29	56.75	-11.5
43	30	56.75	-10.5
43	31	56.75	-9.5
43	32	56.75	-8.5
43	33	56.75	-7.5
43	34	56.75	-6.5
43	35	56.75	-5.5
43	37	57.25	-11.5
43	38	57.25	-10.5
43	39	57.25	-9.5
43	40	57.25	-8.5
43	41	57.25	-7.5
43	42	57.25	-6.5
43	43	57.25	-5.5
43	44	57.75	-11.5
43	45	57.75	-10.5
43	46	57.75	-9.5
43	47	57.75	-8.5
43	48	57.75	-7.5
43	49	57.75	-6.5
43	50	57.75	-6
43	51	58.25	-11.5
43	52	58.25	-10.5
43	53	58.25	-9.5
43	54	58.25	-8.5
43	55	58.25	-7.5
43	56	58.25	-6.5
43	57	58.25	-5.5
43	59	58.75	-11.5
43	60	58.75	-10.5
43	61	58.75	-9.5
43	62	58.75	-8.5
43	63	58.75	-7.5
43	64	58.75	-6.5
43	65	58.75	-5.5
43	66	58.75	-4.5
43	67	59.25	-11.5
43	68	59.25	-10.5
43	69	59.25	-9.5
43	70	59.25	-8.5
43	71	59.25	-7.5
43	72	59.25	-6.5
43	73	59.25	-5.5
43	74	59.25	-4.5
43	75	59.75	-11.5
43	76	59.75	-10.5
43	77	59.75	-9.5
43	78	59.75	-8.5
43	79	59.75	-7.5
43	80	59.75	-6.5
43	81	59.75	-5.5
43	82	59.75	-4.5
43	83	60.25	-4.5
44	1	52	-7
44	2	52.25	-6.5
44	3	52.25	-5.5
44	4	52.25	-4.5
44	5	52.75	-6
44	6	52.75	-5.5
44	7	52.75	-4.5
44	8	53.25	-6
44	9	53.25	-5.5
44	10	53.25	-4.5
44	11	53.25	-3.5
44	12	53.25	-2.5
44	13	53.75	-6.5
44	14	53.75	-5.5
44	15	53.75	-4.5
44	16	53.75	-3.5
44	17	53.75	-2.5
44	18	54	-6
44	19	54.25	-5.5
44	20	54.25	-4.5
44	21	54.25	-3.5
44	22	54	-3
44	23	54.75	-5.5
44	24	54.75	-4.5
44	25	54.75	-3.5
45	1	50.25	-6.5
45	2	50.25	-5.5
45	3	50.75	-5.5
45	4	50.75	-4.5
45	5	51.25	-4.5
45	6	51.25	-3.5
45	7	51.75	-4.5
45	8	51.5	-4
46	1	48.25	-4.5
46	2	48.75	-4.5
46	3	48.75	-3.5
46	4	48.75	-2.5
46	5	48.75	-1.5
46	6	49.25	-4.5
46	7	49.25	-3.5
46	8	49.25	-2.5
46	9	49.25	-1.5
46	10	49.25	-0.5
46	11	49.25	0.5
46	12	49.75	-6.5
46	13	49.75	-5.5
46	14	49.75	-4.5
46	15	49.75	-3.5
46	16	49.75	-2.5
46	17	49.75	-1.5
46	18	49.75	-0.5
46	19	49.75	0.5
46	20	50	1
46	22	50.25	-4.5
46	23	50.25	-3.5
46	24	50.25	-2.5
46	25	50.25	-1.5
46	26	50.25	-0.5
46	27	50.25	0.5
46	28	50.25	1.5
46	29	50.5	-3
46	30	50.5	-2.5
46	31	50.5	-1.5
46	32	50.75	-0.5
46	33	50.75	0.5
46	34	50.75	1.5
47	1	54.75	-17.5
47	2	54.75	-16.5
47	3	54.75	-15.5
47	4	54.75	-14.5
47	5	54.75	-13.5
47	6	54.75	-12.5
47	7	55.25	-17.5
47	8	55.25	-16.5
47	9	55.25	-15.5
47	10	55.25	-14.5
47	11	55.25	-13.5
47	12	55.25	-12.5
47	13	55.75	-17.5
47	14	55.75	-16.5
47	15	55.75	-15.5
47	16	55.75	-14.5
47	17	55.75	-13.5
47	18	55.75	-12.5
47	19	56.25	-17.5
47	20	56.25	-16.5
47	21	56.25	-15.5
47	22	56.25	-14.5
47	23	56.25	-13.5
47	24	56.25	-12.5
47	25	56.75	-17.5
47	26	56.75	-16.5
47	27	56.75	-15.5
47	28	56.75	-14.5
47	29	56.75	-13.5
47	30	56.75	-12.5
47	31	57.25	-17.5
47	32	57.25	-16.5
47	33	57.25	-15.5
47	34	57.25	-14.5
47	35	57.25	-13.5
47	36	57.25	-12.5
47	37	57.75	-17.5
47	38	57.75	-16.5
47	39	57.75	-15.5
47	40	57.75	-14.5
47	41	57.75	-13.5
47	42	57.75	-12.5
47	43	58.25	-17.5
47	44	58.25	-16.5
47	45	58.25	-15.5
47	46	58.25	-14.5
47	47	58.25	-13.5
47	48	58.25	-12.5
47	49	58.75	-17.5
47	50	58.75	-16.5
47	51	58.75	-15.5
47	52	58.75	-14.5
47	53	58.75	-13.5
47	54	58.75	-12.5
47	55	59.25	-17.5
47	56	59.25	-16.5
47	57	59.25	-15.5
47	58	59.25	-14.5
47	59	59.25	-13.5
47	60	59.25	-12.5
47	61	59.75	-17.5
47	62	59.75	-16.5
47	63	59.75	-15.5
47	64	59.75	-14.5
47	65	59.75	-13.5
47	66	59.75	-12.5
48	1	52.75	-17.5
48	2	52.75	-16.5
48	3	52.75	-15.5
48	4	52.75	-14.5
48	5	52.75	-13.5
48	6	52.75	-12.5
48	7	52.75	-11.5
48	8	52.75	-10.5
48	9	52.75	-9.5
48	10	53.25	-17.5
48	11	53.25	-16.5
48	12	53.25	-15.5
48	13	53.25	-14.5
48	14	53.25	-13.5
48	15	53.25	-12.5
48	16	53.25	-11.5
48	17	53.25	-10.5
48	18	53.75	-17.5
48	19	53.75	-16.5
48	20	53.75	-15.5
48	21	53.75	-14.5
48	22	53.75	-13.5
48	23	53.75	-12.5
48	24	53.75	-11.5
48	25	53.75	-10.5
48	26	54.25	-17.5
48	27	54.25	-16.5
48	28	54.25	-15.5
48	29	54.25	-14.5
48	30	54.25	-13.5
48	31	54.25	-12.5
48	32	54.25	-11.5
48	33	54.25	-10.5
48	34	54.25	-9.5
48	44	54.25	-8.5
49	1	48.5	-17
49	1	48.5	-17
49	1	48.5	-17
49	1	48.5	-17
49	2	48.5	-15
49	2	48.5	-15
49	2	48.5	-15
49	2	48.5	-15
49	3	48.5	-13
49	3	48.5	-13
49	3	48.5	-13
49	3	48.5	-13
49	4	48.25	-11.5
49	5	48.25	-10.5
49	6	48.25	-9.5
49	7	48.25	-8.5
49	8	48.25	-7.5
49	9	48.25	-6.5
49	10	48.25	-5.5
49	11	48.75	-11.5
49	12	48.75	-10.5
49	13	48.75	-9.5
49	14	48.75	-8.5
49	15	48.75	-7.5
49	16	48.75	-6.5
49	17	48.75	-5.5
49	18	49.25	-17.5
49	19	49.25	-16.5
49	20	49.25	-15.5
49	21	49.25	-14.5
49	22	49.25	-13.5
49	23	49.25	-12.5
49	24	49.25	-11.5
49	25	49.25	-10.5
49	26	49.25	-9.5
49	27	49.25	-8.5
49	28	49.25	-7.5
49	29	49.25	-6.5
49	30	49.25	-5.5
49	31	49.75	-17.5
49	32	49.75	-16.5
49	33	49.75	-15.5
49	34	49.75	-14.5
49	35	49.75	-13.5
49	36	49.75	-12.5
49	37	49.75	-11.5
49	38	49.75	-10.5
49	39	49.75	-9.5
49	40	49.75	-8.5
49	41	49.75	-7.5
49	42	50.25	-17.5
49	43	50.25	-16.5
49	44	50.25	-15.5
49	45	50.25	-14.5
49	46	50.25	-13.5
49	47	50.25	-12.5
49	48	50.25	-11.5
49	49	50.25	-10.5
49	50	50.25	-9.5
49	51	50.25	-8.5
49	52	50.25	-7.5
49	53	50.75	-17.5
49	54	50.75	-16.5
49	55	50.75	-15.5
49	56	50.75	-14.5
49	57	50.75	-13.5
49	58	50.75	-12.5
49	59	50.75	-11.5
49	60	50.75	-10.5
49	61	50.75	-9.5
49	62	50.75	-8.5
49	63	50.75	-7.5
49	64	50.75	-6.5
49	65	51.25	-17.5
49	66	51.25	-16.5
49	67	51.25	-15.5
49	68	51.25	-14.5
49	69	51.25	-13.5
49	70	51.25	-12.5
49	71	51.25	-11.5
49	72	51.25	-10.5
49	73	51.25	-9.5
49	74	51.25	-8.5
49	75	51.25	-7.5
49	76	51.25	-6.5
49	77	51.25	-5.5
49	78	51.75	-17.5
49	79	51.75	-16.5
49	80	51.75	-15.5
49	81	51.75	-14.5
49	82	51.75	-13.5
49	83	51.75	-12.5
49	84	51.75	-11.5
49	85	51.75	-10.5
49	86	51.75	-9.5
49	87	51.75	-8.5
49	88	51.75	-7.5
49	89	51.75	-6.5
49	90	51.75	-5.5
49	91	52.25	-17.5
49	92	52.25	-16.5
49	93	52.25	-15.5
49	94	52.25	-14.5
49	95	52.25	-13.5
49	96	52.25	-12.5
49	97	52.25	-11.5
49	98	52.25	-10.5
49	99	52.5	-10
50	1	63.25	-10.5
50	2	63.25	-9.5
50	3	63.25	-8.5
50	4	63.25	-7.5
50	5	63.75	-10.5
50	6	63.75	-9.5
50	7	63.75	-8.5
50	8	63.75	-7.5
50	9	64.25	-10.5
50	10	64.25	-9.5
50	11	64.25	-8.5
50	12	64.25	-7.5
50	13	64.75	-10.5
50	14	64.75	-9.5
50	15	64.75	-8.5
50	16	64.75	-7.5
50	17	65.25	-10.5
50	18	65.25	-9.5
50	19	65.25	-8.5
50	20	65.25	-7.5
50	21	65.75	-10.5
50	22	65.75	-9.5
50	23	65.75	-8.5
50	24	65.75	-7.5
50	25	66.25	-10.5
50	26	66.25	-9.5
50	27	66.25	-8.5
50	28	66.25	-7.5
50	29	66.75	-10.5
50	30	66.75	-9.5
50	31	66.75	-8.5
50	32	66.75	-7.5
50	33	67.25	-10.5
50	34	67.25	-9.5
50	35	67.25	-8.5
50	36	67.25	-7.5
50	37	67.75	-10.5
50	38	67.75	-9.5
50	39	67.75	-8.5
50	40	67.75	-7.5
51	1	62.25	-18.5
51	2	62.25	-17.5
51	3	62.25	-16.5
51	4	62.25	-15.5
51	5	62.75	-18.5
51	6	62.75	-17.5
51	7	62.75	-16.5
51	8	62.75	-15.5
51	9	63.25	-18.5
51	10	63.25	-17.5
51	11	63.25	-16.5
51	12	63.25	-15.5
51	13	63.25	-14.5
51	14	63.25	-13.5
51	15	63.25	-12.5
51	16	63.25	-11.5
51	17	63.5	-18
51	18	63.75	-17.5
51	19	63.75	-16.5
51	20	63.75	-15.5
51	21	63.75	-14.5
51	22	63.75	-13.5
51	23	63.75	-12.5
51	24	63.75	-11.5
51	25	64.25	-15.5
51	26	64.25	-14.5
51	27	64.25	-13.5
51	28	64.25	-12.5
51	29	64.25	-11.5
52	1	62.25	-26.5
52	2	62.25	-25.5
52	3	62.25	-24.5
52	4	62.25	-23.5
52	5	62.25	-22.5
52	6	62.25	-21.5
52	7	62.25	-20.5
52	8	62.25	-19.5
52	9	62.75	-26.5
52	10	62.75	-25.5
52	11	62.75	-24.5
52	12	62.75	-23.5
52	13	62.75	-22.5
52	14	62.75	-21.5
52	15	62.75	-20.5
52	16	62.75	-19.5
52	17	63.25	-26.5
52	18	63.25	-25.5
52	19	63.25	-24.5
52	20	63.25	-23.5
52	21	63.25	-22.5
52	22	63.25	-21.5
52	23	63.25	-20.5
52	24	63.25	-19.5
52	25	63.75	-26.5
52	26	63.75	-25.5
52	27	63.75	-24.5
52	28	63.75	-23.5
52	29	63.75	-22.5
52	30	63.75	-21.5
52	31	63.5	-21
52	32	64.25	-26.5
52	33	64.25	-25.5
52	34	64.25	-24.5
52	35	64.25	-23.5
52	36	64.25	-22.5
52	37	64.25	-22
52	38	64.75	-26.5
52	39	64.75	-25.5
52	40	64.75	-24.5
52	41	64.75	-23.5
52	42	64.75	-22.5
53	1	65.25	-26.5
53	2	65.25	-25.5
53	3	65.25	-24.5
53	4	65.25	-23
53	4	65.25	-23
53	5	65.75	-26.5
53	6	65.75	-25.5
53	7	65.75	-24.5
53	8	66.25	-26.5
53	9	66.25	-25.5
53	10	66.25	-24.5
53	11	66.25	-23.5
53	12	66.75	-26.5
53	13	66.75	-25.5
53	14	66.75	-24.5
53	15	66.75	-23.5
53	16	67.25	-26.5
53	17	67.25	-25.5
53	18	67.25	-24.5
53	19	67.25	-23.5
53	20	67.75	-26.5
53	21	67.75	-25.5
53	22	67.75	-24.5
53	23	67.75	-23.5
54	1	65.75	-20.5
54	2	66	-22.5
54	3	66.25	-21.5
54	4	66.25	-20.5
54	5	66.75	-22.5
54	6	66.75	-21.5
54	7	66.75	-20.5
54	8	67.25	-22.5
54	9	67.25	-21.5
54	10	67.25	-20.5
54	11	67.75	-22.5
54	12	67.75	-21.5
54	13	67.75	-20.5
55	1	66.25	-19.5
55	2	66.25	-18.5
55	3	66.25	-17.5
55	4	66.75	-19.5
55	5	66.75	-18.5
55	6	66.75	-17.5
55	7	67.25	-19.5
55	8	67.25	-18.5
55	9	67.25	-17.5
55	10	67.75	-19.5
55	11	67.75	-18.5
55	12	67.75	-17.5
56	1	66.25	-16.5
56	2	66.25	-15.5
56	3	66.75	-16.5
56	4	66.75	-15.5
56	5	66.75	-14.5
56	6	66.75	-13.5
56	7	66.75	-12.5
56	8	66.75	-11.5
56	9	67.25	-16.5
56	10	67.25	-15.5
56	11	67.25	-14.5
56	12	67.25	-13.5
56	13	67.25	-12.5
56	14	67.25	-11.5
56	15	67.75	-16.5
56	16	67.75	-15.5
56	17	67.75	-14.5
56	18	67.75	-13.5
56	19	67.75	-12.5
56	20	67.75	-11.5
57	1	60.25	-14.5
57	2	60.25	-13.5
57	3	60.25	-12.5
57	4	60.25	-11.5
57	5	60.25	-10.5
57	6	60.25	-7.5
57	7	60.75	-14.5
57	8	60.75	-13.5
57	9	60.75	-12.5
57	10	60.75	-11.5
57	11	60.75	-10.5
57	12	60.75	-7.5
57	13	61.25	-14.5
57	14	61.25	-13.5
57	15	61.25	-12.5
57	16	61.25	-11.5
57	17	61.25	-10.5
57	18	61.25	-7.5
57	19	61.75	-14.5
57	20	61.75	-13.5
57	21	61.75	-12.5
57	22	61.75	-11.5
57	23	61.75	-10.5
57	24	61.75	-9.5
57	25	61.75	-8.5
57	26	61.75	-7.5
57	27	62.25	-14.5
57	28	62.25	-13.5
57	29	62.25	-12.5
57	30	62.25	-11.5
57	31	62.25	-10.5
57	32	62.25	-9.5
57	33	62.25	-8.5
57	34	62.25	-7.5
57	35	62.75	-14.5
57	36	62.75	-13.5
57	37	62.75	-12.5
57	38	62.75	-11.5
57	39	62.75	-10.5
57	40	62.75	-9.5
57	41	62.75	-8.5
57	42	62.75	-7.5
58	1	60.25	-9.5
58	2	60.25	-8.5
58	3	60.75	-9.5
58	4	60.75	-8.5
58	5	61.25	-9.5
58	6	61.25	-8.5
59	1	64.5	-14
59	2	64.75	-13.5
59	3	64.75	-12.5
59	4	64.75	-11.5
59	5	65.25	-13.5
59	6	65.25	-12.5
59	7	65.25	-11.5
59	8	65.75	-14.5
59	9	65.75	-13.5
59	10	65.75	-12.5
59	11	65.75	-11.5
59	12	66.25	-14.5
59	13	66.25	-13.5
59	14	66.25	-12.5
59	15	66.25	-11.5
60	1	59.25	-43.5
60	2	59.25	-42.5
60	3	59.25	-41.5
60	4	59.25	-40.5
60	5	59.25	-39.5
60	6	59.25	-38.5
60	7	59.25	-37.5
60	8	59.25	-36.5
60	9	59.25	-35.5
60	10	59.25	-34.5
60	11	59.25	-33.5
60	12	59.5	-32
60	12	59.5	-32
60	12	59.5	-32
60	12	59.5	-32
60	13	59.5	-30
60	13	59.5	-30
60	13	59.5	-30
60	13	59.5	-30
60	14	59.5	-28
60	14	59.5	-28
60	14	59.5	-28
60	14	59.5	-28
60	15	59.75	-43
60	16	59.75	-41.5
60	17	59.75	-40.5
60	18	59.75	-39.5
60	19	59.75	-38.5
60	20	59.75	-37.5
60	21	59.75	-36.5
60	22	59.75	-35.5
60	23	59.75	-34.5
60	24	59.75	-33.5
60	25	60.25	-41.5
60	26	60.25	-40.5
60	27	60.25	-39.5
60	28	60.25	-38.5
60	29	60.25	-37.5
60	30	60.25	-36.5
60	31	60.25	-35.5
60	32	60.25	-34.5
60	33	60.25	-33.5
60	34	60.5	-32
60	34	60.5	-32
60	34	60.5	-32
60	34	60.5	-32
60	35	60.5	-30
60	35	60.5	-30
60	35	60.5	-30
60	35	60.5	-30
60	36	60.5	-28
60	36	60.5	-28
60	36	60.5	-28
60	36	60.5	-28
60	37	60.75	-41.5
60	38	60.75	-40.5
60	39	60.75	-39.5
60	40	60.75	-38.5
60	41	60.75	-37.5
60	42	60.75	-36.5
60	43	60.75	-35.5
60	44	60.75	-34.5
60	45	60.75	-33.5
60	46	61.25	-41.5
60	47	61.25	-40.5
60	48	61.25	-39.5
60	49	61.25	-38.5
60	50	61.25	-37.5
60	51	61.25	-36.5
60	52	61.25	-35.5
60	53	61.25	-34.5
60	54	61.25	-33.5
60	55	61.25	-32.5
60	56	61.25	-31.5
60	57	61.5	-30
60	57	61.5	-30
60	57	61.5	-30
60	57	61.5	-30
60	58	61.5	-28
60	58	61.5	-28
60	58	61.5	-28
60	58	61.5	-28
60	59	61.75	-41.5
60	60	61.75	-40.5
60	61	61.75	-39.5
60	62	61.75	-38.5
60	63	61.75	-37.5
60	64	61.75	-36.5
60	65	61.75	-35.5
60	66	61.75	-34.5
60	67	61.75	-33.5
60	68	61.75	-32.5
60	69	61.75	-31.5
60	70	62.25	-41.5
60	71	62.25	-40.5
60	72	62.25	-39.5
60	73	62.25	-38.5
60	74	62.25	-37.5
60	75	62.25	-36.5
60	76	62.25	-35.5
60	77	62.25	-34.5
60	78	62.25	-33.5
60	79	62.25	-32.5
60	80	62.25	-31.5
60	81	62.25	-30.5
60	82	62.25	-29.5
60	83	62.25	-28.5
60	84	62.25	-27.5
60	85	62.75	-41.5
60	86	62.75	-40.5
60	87	62.75	-39.5
60	88	62.75	-38.5
60	89	62.75	-37.5
60	90	62.75	-36.5
60	91	62.75	-35.5
60	92	62.75	-34.5
60	93	62.75	-33.5
60	94	62.75	-32.5
60	95	62.75	-31.5
60	96	62.75	-30.5
60	97	62.75	-29.5
60	98	62.75	-28.5
60	99	62.75	-27.5
61	1	63.25	-41
61	1	63.25	-41
61	2	63.25	-39.5
61	3	63.25	-38.5
61	4	63.25	-37.5
61	5	63.25	-36.5
61	6	63.25	-35.5
61	7	63.25	-34.5
61	8	63.25	-33.5
61	9	63.25	-32.5
61	10	63.25	-31.5
61	11	63.25	-30.5
61	12	63.25	-29.5
61	13	63.25	-28.5
61	14	63.25	-27.5
61	15	63.75	-40.5
61	15	63.75	-40.5
61	15	63.75	-40.5
61	16	63.75	-38.5
61	17	63.75	-37.5
61	18	63.75	-36.5
61	19	63.75	-35.5
61	20	63.75	-34.5
61	21	63.75	-33.5
61	22	63.75	-32.5
61	23	63.75	-31.5
61	24	63.75	-30.5
61	25	63.75	-29.5
61	26	63.75	-28.5
61	27	63.75	-27.5
61	28	64.25	-40.5
61	28	64.25	-40.5
61	28	64.25	-40.5
61	29	64.25	-38.5
61	30	64.25	-37.5
61	31	64.25	-36.5
61	32	64.25	-35.5
61	33	64.25	-34.5
61	34	64.25	-33.5
61	35	64.25	-32.5
61	36	64.25	-31.5
61	37	64.25	-30.5
61	38	64.25	-29.5
61	39	64.25	-28.5
61	40	64.25	-27.5
61	41	64.75	-39.5
61	41	64.75	-39.5
61	42	64.75	-38.5
61	43	64.75	-37.5
61	44	64.75	-36.5
61	45	64.75	-35.5
61	46	64.75	-34.5
61	47	64.75	-33.5
61	48	64.75	-32.5
61	49	64.75	-31.5
61	50	64.75	-30.5
61	51	64.75	-29.5
61	52	64.75	-28.5
61	53	64.75	-27.5
61	54	65.25	-38.5
61	54	65.25	-38.5
61	55	65.25	-37.5
61	56	65.25	-36.5
61	57	65.25	-35.5
61	58	65.25	-34.5
61	59	65.25	-33.5
61	60	65.25	-32.5
61	61	65.25	-31.5
61	62	65.25	-30.5
61	63	65.25	-29.5
61	64	65.25	-28.5
61	65	65.25	-27.5
61	66	65.75	-36.5
61	67	65.75	-35.5
61	68	65.75	-34.5
61	69	65.75	-33.5
61	70	65.75	-32.5
61	71	65.75	-31.5
61	72	65.75	-30.5
61	73	65.75	-29.5
61	74	65.75	-28.5
61	75	65.75	-27.5
61	76	66.25	-34.5
61	76	66.25	-34.5
61	77	66.25	-32.5
61	78	66.25	-31.5
61	79	66.25	-30.5
61	80	66.25	-29.5
61	81	66.25	-28.5
61	82	66.25	-27.5
61	83	66.75	-33
61	83	66.75	-33
61	84	66.75	-31.5
61	85	66.75	-30.5
61	86	66.75	-29.5
61	87	66.75	-28.5
61	88	66.75	-27.5
61	89	67.25	-32.5
61	90	67.25	-31.5
61	91	67.25	-30.5
61	92	67.25	-29.5
61	93	67.25	-28.5
61	94	67.25	-27.5
61	95	67.75	-31.5
61	96	67.75	-30.5
61	97	67.75	-29.5
61	98	67.75	-28.5
61	99	67.75	-27.5
62	1	68.5	-27
62	1	68.5	-27
62	1	68.5	-27
62	1	68.5	-27
62	1	68.5	-27
62	2	68.5	-24
62	2	68.5	-24
62	2	68.5	-24
62	2	68.5	-24
62	3	68.25	-22.5
62	4	68.25	-21.5
62	5	68.25	-20.5
62	6	68.25	-19.5
62	7	68.25	-18.5
62	8	68.25	-17.5
62	9	68.25	-16.5
62	10	68.25	-15.5
62	11	68.25	-14.5
62	12	68.25	-13.5
62	13	68.25	-12.5
62	14	68.25	-11.5
62	15	68.75	-22.5
62	16	68.75	-21.5
62	17	68.75	-20.5
62	18	68.75	-19.5
62	19	68.75	-18.5
62	20	68.75	-17.5
62	21	68.75	-16.5
62	22	68.75	-15.5
62	23	68.75	-14.5
62	24	68.75	-13.5
62	25	68.75	-12.5
62	26	68.75	-11.5
62	27	69.25	-21.5
62	28	69.25	-20.5
62	29	69.25	-19.5
62	30	69.25	-18.5
62	31	69.25	-17.5
62	32	69.25	-16.5
62	33	69.25	-15.5
62	34	69.25	-14.5
62	35	69.25	-13.5
62	36	69.25	-12.5
62	37	69.25	-11.5
62	38	69.75	-20.5
62	39	69.75	-19.5
62	40	69.75	-18.5
62	41	69.75	-17.5
62	42	69.75	-16.5
62	43	69.75	-15.5
62	44	69.75	-14.5
62	45	69.75	-13.5
62	46	69.75	-12.5
62	47	69.75	-11.5
62	48	71.25	-20.5
62	49	70.5	-20
62	49	70.5	-20
62	49	70.5	-20
62	49	70.5	-20
62	50	70.25	-18.5
62	51	70.25	-17.5
62	52	70.25	-16.5
62	53	70.25	-15.5
62	54	70.25	-14.5
62	55	70.25	-13.5
62	56	70.25	-12.5
62	57	70.25	-11.5
62	58	70.75	-18.5
62	59	70.75	-17.5
62	60	70.75	-16.5
62	61	70.75	-15.5
62	62	70.75	-14.5
62	63	70.75	-13.5
62	64	70.75	-12.5
62	65	70.75	-11.5
62	66	71.5	-19
62	66	71.5	-19
62	66	71.5	-19
62	66	71.5	-19
62	67	71.25	-17.5
62	68	71.25	-16.5
62	69	71.25	-15.5
62	70	71.25	-14.5
62	71	71.25	-13.5
62	72	71.25	-12.5
62	73	71.25	-11.5
62	74	71.75	-17.5
62	75	71.75	-16.5
62	76	71.75	-15.5
62	77	71.75	-14.5
62	78	71.75	-13.5
62	79	71.75	-12.5
62	80	71.75	-11.5
62	81	72.5	-19
62	81	72.5	-19
62	81	72.5	-19
62	81	72.5	-19
62	82	72.5	-17.5
62	83	72.5	-16.5
62	84	72.5	-15.5
62	85	72.5	-14.5
62	86	72.5	-13.5
62	87	72.5	-12.5
62	88	72.5	-11.5
62	89	72.75	-17.5
62	90	72.75	-16.5
62	91	72.75	-15.5
62	92	72.75	-14.5
62	93	72.75	-13.5
62	94	72.75	-12.5
62	95	72.75	-11.5
62	96	73.5	-18
62	96	73.5	-18
62	96	73.5	-18
62	96	73.5	-18
62	97	73.5	-16
62	97	73.5	-16
62	97	73.5	-16
62	97	73.5	-16
62	98	73.5	-14
62	98	73.5	-14
62	98	73.5	-14
62	98	73.5	-14
62	99	73.5	-12
62	99	73.5	-12
62	99	73.5	-12
62	99	73.5	-12
70	1	51.5	-37
70	1	51.5	-37
70	1	51.5	-37
70	1	51.5	-37
70	1	51.5	-37
70	1	51.5	-37
70	1	51.5	-37
70	1	51.5	-37
70	1	51.5	-37
70	1	51.5	-37
70	1	51.5	-37
70	1	51.5	-37
70	1	51.5	-37
70	1	51.5	-37
70	1	51.5	-37
70	1	51.5	-37
70	1	51.5	-37
70	1	51.5	-37
70	1	51.5	-37
70	1	51.5	-37
70	1	51.5	-37
70	1	51.5	-37
70	1	51.5	-37
70	1	51.5	-37
70	1	51.5	-37
70	1	51.5	-37
70	1	51.5	-37
70	1	51.5	-37
70	1	51.5	-37
70	1	51.5	-37
70	1	51.5	-37
70	1	51.5	-37
70	1	51.5	-37
70	1	51.5	-37
70	1	51.5	-37
70	1	51.5	-37
70	1	51.5	-37
70	1	51.5	-37
70	1	51.5	-37
70	1	51.5	-37
70	1	51.5	-37
70	1	51.5	-37
70	1	51.5	-37
70	1	51.5	-37
70	1	51.5	-37
70	1	51.5	-37
70	1	51.5	-37
70	1	51.5	-37
70	1	51.5	-37
70	1	51.5	-37
70	1	51.5	-37
70	1	51.5	-37
70	1	51.5	-37
70	1	51.5	-37
70	1	51.5	-37
70	1	51.5	-37
70	1	51.5	-37
70	1	51.5	-37
70	1	51.5	-37
70	1	51.5	-37
70	1	51.5	-37
70	1	51.5	-37
70	1	51.5	-37
70	1	51.5	-37
70	1	51.5	-37
70	1	51.5	-37
70	1	51.5	-37
70	1	51.5	-37
70	1	51.5	-37
70	1	51.5	-37
70	1	51.5	-37
70	1	51.5	-37
70	1	51.5	-37
70	1	51.5	-37
70	1	51.5	-37
70	1	51.5	-37
70	1	51.5	-37
70	1	51.5	-37
70	1	51.5	-37
70	1	51.5	-37
70	1	51.5	-37
70	1	51.5	-37
70	1	51.5	-37
70	1	51.5	-37
70	1	51.5	-37
70	1	51.5	-37
70	1	51.5	-37
70	1	51.5	-37
70	1	51.5	-37
70	1	51.5	-37
70	1	51.5	-37
70	1	51.5	-37
70	1	51.5	-37
70	1	51.5	-37
70	1	51.5	-37
70	1	51.5	-37
70	1	51.5	-37
70	1	51.5	-37
70	1	51.5	-37
70	1	51.5	-37
70	1	51.5	-37
70	1	51.5	-37
70	1	51.5	-37
70	1	51.5	-37
70	1	51.5	-37
70	1	51.5	-37
70	1	51.5	-37
70	1	51.5	-37
70	1	51.5	-37
70	1	51.5	-37
70	1	51.5	-37
70	1	51.5	-37
70	1	51.5	-37
70	1	51.5	-37
70	1	51.5	-37
70	1	51.5	-37
70	1	51.5	-37
70	1	51.5	-37
70	1	51.5	-37
70	1	51.5	-37
70	1	51.5	-37
70	1	51.5	-37
70	1	51.5	-37
70	1	51.5	-37
70	1	51.5	-37
70	1	51.5	-37
70	1	51.5	-37
70	1	51.5	-37
70	1	51.5	-37
70	1	51.5	-37
70	1	51.5	-37
70	1	51.5	-37
70	1	51.5	-37
70	1	51.5	-37
70	1	51.5	-37
70	1	51.5	-37
70	1	51.5	-37
70	1	51.5	-37
70	1	51.5	-37
70	1	51.5	-37
70	2	50.5	-25
70	2	50.5	-25
70	2	50.5	-25
70	2	50.5	-25
70	2	50.5	-25
70	2	50.5	-25
70	2	50.5	-25
70	2	50.5	-25
70	2	50.5	-25
70	2	50.5	-25
70	2	50.5	-25
70	2	50.5	-25
70	2	50.5	-25
70	2	50.5	-25
70	2	50.5	-25
70	2	50.5	-25
70	2	50.5	-25
70	2	50.5	-25
70	2	50.5	-25
70	2	50.5	-25
70	2	50.5	-25
70	2	50.5	-25
70	2	50.5	-25
70	2	50.5	-25
70	2	50.5	-25
70	2	50.5	-25
70	2	50.5	-25
70	2	50.5	-25
70	2	50.5	-25
70	2	50.5	-25
70	2	50.5	-25
70	2	50.5	-25
70	2	50.5	-25
70	2	50.5	-25
70	2	50.5	-25
70	2	50.5	-25
70	2	50.5	-25
70	2	50.5	-25
70	2	50.5	-25
70	2	50.5	-25
70	2	50.5	-25
70	2	50.5	-25
70	2	50.5	-25
70	2	50.5	-25
70	2	50.5	-25
70	2	50.5	-25
70	2	50.5	-25
70	2	50.5	-25
70	2	50.5	-25
70	2	50.5	-25
70	2	50.5	-25
70	2	50.5	-25
70	2	50.5	-25
70	2	50.5	-25
70	2	50.5	-25
70	2	50.5	-25
70	2	50.5	-25
70	2	50.5	-25
70	2	50.5	-25
70	2	50.5	-25
70	2	50.5	-25
70	2	50.5	-25
70	2	50.5	-25
70	2	50.5	-25
70	2	50.5	-25
70	2	50.5	-25
70	2	50.5	-25
70	2	50.5	-25
70	2	50.5	-25
70	2	50.5	-25
70	2	50.5	-25
70	2	50.5	-25
70	2	50.5	-25
70	2	50.5	-25
70	2	50.5	-25
70	2	50.5	-25
70	2	50.5	-25
70	2	50.5	-25
70	2	50.5	-25
70	2	50.5	-25
70	2	50.5	-25
70	2	50.5	-25
70	2	50.5	-25
70	2	50.5	-25
70	2	50.5	-25
70	2	50.5	-25
70	2	50.5	-25
70	2	50.5	-25
70	2	50.5	-25
70	2	50.5	-25
70	2	50.5	-25
70	2	50.5	-25
70	2	50.5	-25
70	2	50.5	-25
70	2	50.5	-25
70	2	50.5	-25
70	2	50.5	-25
70	2	50.5	-25
70	2	50.5	-25
70	2	50.5	-25
70	2	50.5	-25
70	2	50.5	-25
70	2	50.5	-25
70	2	50.5	-25
70	2	50.5	-25
70	2	50.5	-25
70	2	50.5	-25
70	2	50.5	-25
70	2	50.5	-25
70	2	50.5	-25
70	2	50.5	-25
70	2	50.5	-25
70	2	50.5	-25
70	2	50.5	-25
70	2	50.5	-25
70	2	50.5	-25
70	2	50.5	-25
70	2	50.5	-25
70	2	50.5	-25
70	2	50.5	-25
70	2	50.5	-25
70	2	50.5	-25
70	2	50.5	-25
70	2	50.5	-25
70	2	50.5	-25
70	2	50.5	-25
70	2	50.5	-25
70	2	50.5	-25
70	2	50.5	-25
70	2	50.5	-25
70	2	50.5	-25
70	2	50.5	-25
70	2	50.5	-25
70	2	50.5	-25
70	2	50.5	-25
70	2	50.5	-25
70	2	50.5	-25
70	2	50.5	-25
70	2	50.5	-25
70	2	50.5	-25
70	3	55	-30
70	3	55	-30
70	3	55	-30
70	3	55	-30
70	3	55	-30
70	3	55	-30
70	3	55	-30
70	3	55	-30
70	3	55	-30
70	3	55	-30
70	3	55	-30
70	3	55	-30
70	3	55	-30
70	3	55	-30
70	3	55	-30
70	3	55	-30
70	3	55	-30
70	3	55	-30
70	3	55	-30
70	3	55	-30
70	3	55	-30
70	3	55	-30
70	3	55	-30
70	3	55	-30
70	3	55	-30
70	3	55	-30
70	3	55	-30
70	3	55	-30
70	3	55	-30
70	3	55	-30
70	3	55	-30
70	3	55	-30
70	4	55	-26
70	4	55	-26
70	4	55	-26
70	4	55	-26
70	4	55	-26
70	4	55	-26
70	4	55	-26
70	4	55	-26
70	4	55	-26
70	4	55	-26
70	4	55	-26
70	4	55	-26
70	4	55	-26
70	4	55	-26
70	4	55	-26
70	4	55	-26
70	4	55	-26
70	4	55	-26
70	4	55	-26
70	4	55	-26
70	4	55	-26
70	4	55	-26
70	4	55	-26
70	4	55	-26
70	4	55	-26
70	4	55	-26
70	4	55	-26
70	4	55	-26
70	4	55	-26
70	4	55	-26
70	4	55	-26
70	4	55	-26
70	5	55	-21
70	5	55	-21
70	5	55	-21
70	5	55	-21
70	5	55	-21
70	5	55	-21
70	5	55	-21
70	5	55	-21
70	5	55	-21
70	5	55	-21
70	5	55	-21
70	5	55	-21
70	5	55	-21
70	5	55	-21
70	5	55	-21
70	5	55	-21
70	5	55	-21
70	5	55	-21
70	5	55	-21
70	5	55	-21
70	5	55	-21
70	5	55	-21
70	5	55	-21
70	5	55	-21
70	5	55	-21
70	5	55	-21
70	5	55	-21
70	5	55	-21
70	5	55	-21
70	5	55	-21
70	5	55	-21
70	5	55	-21
70	5	55	-21
70	5	55	-21
70	5	55	-21
70	5	55	-21
70	5	55	-21
70	5	55	-21
70	5	55	-21
70	5	55	-21
70	5	55	-21
70	5	55	-21
70	5	55	-21
70	5	55	-21
70	5	55	-21
70	5	55	-21
70	5	55	-21
70	5	55	-21
70	6	55.5	-42
70	6	55.5	-42
70	6	55.5	-42
70	6	55.5	-42
70	7	55.5	-39
70	7	55.5	-39
70	7	55.5	-39
70	7	55.5	-39
70	8	55.5	-37
70	8	55.5	-37
70	8	55.5	-37
70	8	55.5	-37
70	9	55.5	-35
70	9	55.5	-35
70	9	55.5	-35
70	9	55.5	-35
70	10	55.5	-33
70	10	55.5	-33
70	10	55.5	-33
70	10	55.5	-33
70	11	56.5	-41
70	11	56.5	-41
70	11	56.5	-41
70	11	56.5	-41
70	12	56.5	-39
70	12	56.5	-39
70	12	56.5	-39
70	12	56.5	-39
70	13	56.5	-37
70	13	56.5	-37
70	13	56.5	-37
70	13	56.5	-37
70	14	56.5	-35
70	14	56.5	-35
70	14	56.5	-35
70	14	56.5	-35
70	15	56.5	-33
70	15	56.5	-33
70	15	56.5	-33
70	15	56.5	-33
70	16	57.5	-41
70	16	57.5	-41
70	16	57.5	-41
70	16	57.5	-41
70	17	57.5	-39
70	17	57.5	-39
70	17	57.5	-39
70	17	57.5	-39
70	18	57.5	-37
70	18	57.5	-37
70	18	57.5	-37
70	18	57.5	-37
70	19	57.5	-35
70	19	57.5	-35
70	19	57.5	-35
70	19	57.5	-35
70	20	57.5	-33
70	20	57.5	-33
70	20	57.5	-33
70	20	57.5	-33
70	21	57.5	-31
70	21	57.5	-31
70	21	57.5	-31
70	21	57.5	-31
70	22	57.5	-29
70	22	57.5	-29
70	22	57.5	-29
70	22	57.5	-29
70	23	57.5	-27
70	23	57.5	-27
70	23	57.5	-27
70	23	57.5	-27
70	24	58.5	-41
70	24	58.5	-41
70	24	58.5	-41
70	24	58.5	-41
70	25	58.5	-39
70	25	58.5	-39
70	25	58.5	-39
70	25	58.5	-39
70	26	58.5	-37
70	26	58.5	-37
70	26	58.5	-37
70	26	58.5	-37
70	27	58.5	-35
70	27	58.5	-35
70	27	58.5	-35
70	27	58.5	-35
70	28	58.5	-33
70	28	58.5	-33
70	28	58.5	-33
70	28	58.5	-33
70	29	58.5	-31
70	29	58.5	-31
70	29	58.5	-31
70	29	58.5	-31
70	30	58.5	-29
70	30	58.5	-29
70	30	58.5	-29
70	30	58.5	-29
70	31	58.5	-27
70	31	58.5	-27
70	31	58.5	-27
70	31	58.5	-27
70	32	58	-24
70	32	58	-24
70	32	58	-24
70	32	58	-24
70	32	58	-24
70	32	58	-24
70	32	58	-24
70	32	58	-24
70	32	58	-24
70	32	58	-24
70	32	58	-24
70	32	58	-24
70	32	58	-24
70	32	58	-24
70	32	58	-24
70	32	58	-24
70	33	58	-20
70	33	58	-20
70	33	58	-20
70	33	58	-20
70	33	58	-20
70	33	58	-20
70	33	58	-20
70	33	58	-20
70	33	58	-20
70	33	58	-20
70	33	58	-20
70	33	58	-20
70	33	58	-20
70	33	58	-20
70	33	58	-20
70	33	58	-20
70	34	59.25	-26.5
70	35	59.25	-25.5
70	36	59.25	-24.5
70	37	59.25	-23.5
70	38	59.25	-22.5
70	39	59.25	-21.5
70	40	59.25	-20.5
70	41	59.25	-19.5
70	42	59.25	-18.5
70	43	59.75	-26.5
70	44	59.75	-25.5
70	45	59.75	-24.5
70	46	59.75	-23.5
70	47	59.75	-22.5
70	48	59.75	-21.5
70	49	59.75	-20.5
70	50	59.75	-19.5
70	51	59.75	-18.5
70	52	60.25	-26.5
70	53	60.25	-25.5
70	54	60.25	-24.5
70	55	60.25	-23.5
70	56	60.25	-22.5
70	57	60.25	-21.5
70	58	60.25	-20.5
70	59	60.25	-19.5
70	60	60.25	-18.5
70	61	60.25	-17.5
70	62	60.25	-16.5
70	63	60.25	-15.5
70	64	60.75	-26.5
70	65	60.75	-25.5
70	66	60.75	-24.5
70	67	60.75	-23.5
70	68	60.75	-22.5
70	69	60.75	-21.5
70	70	60.75	-20.5
70	71	60.75	-19.5
70	72	60.75	-18.5
70	73	60.75	-17.5
70	74	60.75	-16.5
70	75	60.75	-15.5
70	76	61.25	-26.5
70	77	61.25	-25.5
70	78	61.25	-24.5
70	79	61.25	-23.5
70	80	61.25	-22.5
70	81	61.25	-21.5
70	82	61.25	-20.5
70	83	61.25	-19.5
70	84	61.25	-18.5
70	85	61.25	-17.5
70	86	61.25	-16.5
70	87	61.25	-15.5
70	88	61.75	-26.5
70	89	61.75	-25.5
70	90	61.75	-24.5
70	91	61.75	-23.5
70	92	61.75	-22.5
70	93	61.75	-21.5
70	94	61.75	-20.5
70	95	61.75	-19.5
70	96	61.75	-18.5
70	97	61.75	-17.5
70	98	61.75	-16.5
70	99	61.75	-15.5
