Summary of catch at age: 
   
Estimates are extracted from: SEI2018_ns_v00.fit.2018_allgears_totalarea_season1234 
based on fitted object: SEI2018_ns_v00.fit 
   
Catch at age is summed over: 
years: 2018 
areas: 8 9 28 40 41 42 43 47 
gears: 31 32 35 36 37 41 43 51 52 
seasons: 1 2 3 4 
total used catch: 40081.6001 tons 
total reported catch: 40081.6001 tons 
   
Catch at age (millions) 
age	mean	sd	5%	95%
1	0.0153	0.0156	0.0021	0.0467
2	0.0799	0.0389	0.031	0.1575
3	0.4985	0.1379	0.3105	0.7744
4	5.1989	0.7721	3.9999	6.4816
5	8.8191	1.0563	7.2699	10.6201
6	3.4888	0.566	2.5714	4.4927
7	1.1465	0.2494	0.7748	1.5774
8	1.003	0.2466	0.6505	1.4363
9	0.451	0.1251	0.2701	0.6681
10	0.1831	0.0675	0.1003	0.3056
11	0.3057	0.0985	0.17	0.4814
12	0.1157	0.0596	0.0375	0.235
13+	0.1839	0.0579	0.1025	0.2866
Mean age in catch 
mean	sd	5%	95%
5.4545	0.0895	5.3115	5.6164
   
Length at age (cm) 
age	mean	sd	5%	95%
1	27.7781	1.0673	26.0697	29.6864
2	36.9881	1.1981	34.9048	38.7628
3	42.744	0.7849	41.2934	43.9196
4	49.0635	0.7873	47.7628	50.3922
5	54.3759	0.8781	52.9605	55.8679
6	59.4974	0.9309	57.9287	61.0043
7	63.9138	1.0354	62.2105	65.5697
8	68.5254	1.1091	66.7413	70.2969
9	72.1236	1.1148	70.3979	73.9258
10	76.9717	1.6018	74.2679	79.5395
11	80.2301	1.3885	78.0596	82.4883
12	83.0806	1.6728	80.4901	85.8555
13+	96.7231	2.7334	92.1825	101.2128
Mean length in catch 
mean	sd	5%	95%
56.188	0.9217	54.6989	57.7265
   
Weight at age (g) 
age	mean	sd	5%	95%
1	220.9254	32.5354	177.9798	281.1867
2	575.8906	61.8774	474.0909	679.7777
3	824.4017	47.9936	751.7107	904.6547
4	1171.5562	60.6817	1073.7531	1276.7555
5	1576.8664	82.4975	1442.035	1719.4661
6	2085.5178	107.3495	1910.1109	2252.9915
7	2583.7959	141.4265	2373.4217	2819.8107
8	3162.3828	174.3985	2901.7365	3468.5216
9	3699.4782	210.0765	3398.7078	4060.2558
10	4738.7186	412.5691	4114.7487	5378.5628
11	5063.6756	326.0556	4571.2274	5564.8757
12	5536.7905	393.9848	4971.0616	6218.8505
13+	8951.7623	831.9538	7711.8646	10471.0063
Mean weight in catch 
mean	sd	5%	95%
1870.4832	99.7191	1721.7978	2040.6347
   
Catch at length (millions) 
length	mean	sd	5%	95%
2.5	0	0	0	0
7.5	0	0	0	0
12.5	0	0	0	0
17.5	0	0	0	0
22.5	0.0023	0.0055	0	0.0099
27.5	0.0118	0.0122	0.0011	0.0369
32.5	0.0264	0.0258	0.0027	0.076
37.5	0.1136	0.0806	0.0265	0.2657
42.5	0.5051	0.2269	0.2767	0.8722
47.5	4.1164	1.116	2.3538	5.9789
52.5	7.6632	1.2912	5.6451	9.7654
57.5	4.7144	0.9059	3.2525	6.3465
62.5	1.827	0.4299	1.2083	2.5653
67.5	1.2084	0.239	0.8438	1.6292
72.5	0.5161	0.1515	0.3064	0.7952
77.5	0.3491	0.0998	0.2143	0.5197
82.5	0.2162	0.0765	0.1091	0.343
87.5	0.0871	0.0351	0.0405	0.1501
92.5	0.0522	0.0319	0.016	0.1154
97.5	0.0335	0.0244	0.0088	0.0739
102.5	0.0108	0.0074	0.0035	0.0241
107.5	0.0102	0.0071	0.0023	0.0244
112.5	0.0118	0.0075	0.0031	0.0259
117.5	0.009	0.0075	0.0015	0.0247
122.5	0.0026	0.0034	2e-04	0.0082
127.5	0.0012	0.0014	0	0.0038
132.5	7e-04	0.0012	0	0.0031
137.5	1e-04	4e-04	0	5e-04
142.5	0	1e-04	0	0
147.5	0	0	0	0
152.5	0	0	0	0
157.5	0	0	0	0
162.5	0	0	0	0
167.5	0	0	0	0
172.5	0	0	0	0
177.5	0	0	0	0
182.5	0	0	0	0
187.5	0	0	0	0
192.5	0	0	0	0
197.5	0	0	0	0
202.5	0	0	0	0
207.5	0	0	0	0
212.5	0	0	0	0
217.5	0	0	0	0
222.5	0	0	0	0
227.5	0	0	0	0
232.5	0	0	0	0
237.5	0	0	0	0
Mean length in catch 
mean	sd	5%	95%
55.6437	0.9253	54.1855	57.3389
   
