Summary of catch at age: 
   
Estimates are extracted from: HYSE2018_ns_v00.fit.2018_allgears_27fire_season1234 
based on fitted object: HYSE2018_ns_v00.fit 
   
Catch at age is summed over: 
years: 2018 
areas: 8 28 40 41 42 
gears: 31 32 35 36 37 41 43 51 52 
seasons: 1 2 3 4 
total used catch: 1399.1 tons 
total reported catch: 1399.1 tons 
   
Catch at age (millions) 
age	mean	sd	5%	95%
1	0.15	0.06	0.07	0.26
2	0.2	0.08	0.09	0.33
3	0.16	0.06	0.08	0.27
4	0.23	0.08	0.13	0.38
5	0.18	0.05	0.1	0.27
6	0.09	0.03	0.05	0.15
7	0.05	0.02	0.02	0.1
8	0.04	0.02	0.02	0.07
9	0.02	0.01	0.01	0.04
10	0.01	0	0	0.01
11	0	0	0	0
12	0	0	0	0.01
13	0	0	0	0.01
14	0	0	0	0
15+	0	0	0	0.01
Mean age in catch 
mean	sd	5%	95%
3.96	0.22	3.6	4.31
   
Length at age (cm) 
age	mean	sd	5%	95%
1	33.68	2.05	30.9	37.07
2	39.18	2.37	35.83	43.42
3	44.12	2.45	40.53	48.53
4	47.85	2.71	43.86	52.47
5	51.26	2.73	47.06	55.94
6	54.34	2.77	50.13	58.91
7	57.11	2.85	52.8	61.83
8	60.12	2.83	55.66	64.7
9	63.13	2.89	58.77	68.08
10	66.07	3.02	61.74	71.08
11	67.42	3.37	62	73
12	69.39	3.13	64.5	74.59
13	70.16	3.69	64.26	76.67
14	74.01	3.58	68.66	80.08
15+	78.01	4.41	70.88	85.08
Mean length in catch 
mean	sd	5%	95%
46.56	2.75	42.36	51.03
   
Weight at age (g) 
age	mean	sd	5%	95%
1	452.33	94.09	347.99	605.97
2	689.79	143.29	522.04	939.47
3	985.07	182.05	757.29	1296.83
4	1243.4	236.65	952.8	1644.94
5	1518.89	268.78	1175.76	1973.01
6	1799.69	297.31	1424.91	2302.62
7	2059.22	336.45	1590.14	2629.67
8	2437.38	378.26	1892.69	3114.23
9	2923.16	459.41	2273.18	3759.99
10	3382.81	531.04	2724.67	4229.16
11	3289.54	555.89	2503.53	4230.17
12	3866.18	577.11	3061.66	4915.88
13	3862.77	669.2	2893.95	5080.35
14	4627.22	796.8	3590.75	5971.73
15+	5283.77	975.26	3835.21	6893.55
Mean weight in catch 
mean	sd	5%	95%
1251.68	233.28	947.87	1625.19
   
Catch at length (millions) 
length	mean	sd	5%	95%
2.5	0	0	0	0
7.5	0	0	0	0
12.5	0	0	0	0
17.5	0	0	0	0
22.5	0	0	0	0
27.5	0.02	0.04	0	0.08
32.5	0.12	0.07	0.01	0.24
37.5	0.18	0.08	0.06	0.33
42.5	0.22	0.1	0.09	0.42
47.5	0.27	0.08	0.13	0.41
52.5	0.19	0.06	0.1	0.29
57.5	0.09	0.03	0.03	0.15
62.5	0.04	0.02	0.02	0.08
67.5	0.01	0.01	0	0.03
72.5	0	0	0	0.01
77.5	0	0	0	0
82.5	0	0	0	0
87.5	0	0	0	0
92.5	0	0	0	0
97.5	0	0	0	0
102.5	0	0	0	0
107.5	0	0	0	0
112.5	0	0	0	0
117.5	0	0	0	0
122.5	0	0	0	0
127.5	0	0	0	0
132.5	0	0	0	0
137.5	0	0	0	0
Mean length in catch 
mean	sd	5%	95%
46.04	2.68	41.96	50.48
   
