Summary of catch at age: 
   
Estimates are extracted from: SILD'G032017.fit.2017_allgears_totalarea_season1234 
based on fitted object: SILD'G032017.fit 
   
Catch at age is summed over: 
years: 2017 
areas: 0 4 5 6 7 8 9 12 28 30 34 36 37 
gears: 35 37 
seasons: 1 2 3 4 
total used catch: 389383.46 tons 
total reported catch: 389383.46 tons 
   
Catch at age (millions) 
age	mean	sd	5%	95%
1	0.6219	0.3581	0.2249	1.2755
2	16.0379	6.024	8.3441	27.1608
3	49.9626	17.45	25.2166	80.5065
4	244.8377	35.1221	186.9002	300.6272
5	60.2145	13.2024	42.5447	83.6274
6	142.7864	26.762	104.3803	188.0593
7	79.4098	17.4343	55.2821	108.8479
8	180.2583	30.1309	136.2553	235.8296
9	35.3483	8.7433	21.968	50.3354
10	22.5468	6.7745	12.0432	33.137
11	173.9316	29.9889	129.3876	230.5882
12	14.8516	4.9542	7.687	24.0026
13	147.338	26.3511	105.9966	193.1485
14	1.5085	0.879	0.453	3.1902
15+	44.173	8.6856	31.0978	58.9573
Mean age in catch 
mean	sd	5%	95%
7.8898	0.1794	7.5869	8.1524
   
Length at age (cm) 
age	mean	sd	5%	95%
1	21.3603	0.4233	20.6479	22.0142
2	24.7625	0.2583	24.3612	25.2016
3	27.2591	0.2033	26.9626	27.6316
4	29.3257	0.1597	29.0892	29.6034
5	31.2229	0.17	30.9367	31.4932
6	32.5153	0.1387	32.2625	32.7364
7	33.409	0.1161	33.2285	33.5999
8	34.0365	0.0905	33.8976	34.1989
9	34.3931	0.1399	34.1343	34.5884
10	34.6639	0.1503	34.4092	34.8744
11	35.0808	0.0873	34.9397	35.2213
12	35.1096	0.1427	34.8644	35.3148
13	35.3819	0.1003	35.2259	35.5396
14	35.4133	0.1389	35.1835	35.6345
15+	35.461	0.1246	35.2647	35.6506
Mean length in catch 
mean	sd	5%	95%
32.7202	0.1186	32.5298	32.924
   
Weight at age (g) 
age	mean	sd	5%	95%
1	91.1717	5.7757	81.932	100.5672
2	139.7297	5.0079	132.0515	148.8335
3	184.7816	5.0277	177.4959	193.8076
4	229.5945	4.6026	222.6136	238.1063
5	274.6234	6.1373	265.2916	284.6373
6	311.1893	5.6566	301.551	320.2403
7	333.3755	6.3719	323.3736	343.5446
8	351.5333	4.9374	343.8971	360.0151
9	368.2658	6.1301	356.8847	377.0841
10	373.0774	6.8907	361.1265	383.3702
11	387.6474	4.8153	379.5918	395.236
12	373.7259	5.2322	363.9259	381.7098
13	397.1284	4.8414	389.3953	405.5028
14	381.0964	5.9117	371.6784	390.2522
15+	390.9557	5.2837	382.2567	399.9746
Mean weight in catch 
mean	sd	5%	95%
320.8331	3.7279	314.5687	326.8706
   
Catch at length (millions) 
length	mean	sd	5%	95%
2.5	0	0	0	0
7.5	0	0	0	0
12.5	0	0	0	0
17.5	0.0171	0.0499	3e-04	0.0867
22.5	12.2197	5.7264	4.9732	22.7679
27.5	233.8867	24.5139	191.7772	270.8927
32.5	652.7	58.187	555.6365	750.6754
37.5	314.9848	46.0562	241.2884	392.0543
42.5	0.0187	0.2327	0	0
47.5	0	0	0	0
52.5	0	0	0	0
57.5	0	0	0	0
62.5	0	0	0	0
67.5	0	0	0	0
72.5	0	0	0	0
77.5	0	0	0	0
82.5	0	0	0	0
87.5	0	0	0	0
92.5	0	0	0	0
97.5	0	0	0	0
102.5	0	0	0	0
107.5	0	0	0	0
112.5	0	0	0	0
117.5	0	0	0	0
122.5	0	0	0	0
127.5	0	0	0	0
132.5	0	0	0	0
137.5	0	0	0	0
142.5	0	0	0	0
147.5	0	0	0	0
152.5	0	0	0	0
157.5	0	0	0	0
162.5	0	0	0	0
167.5	0	0	0	0
172.5	0	0	0	0
177.5	0	0	0	0
182.5	0	0	0	0
187.5	0	0	0	0
192.5	0	0	0	0
197.5	0	0	0	0
202.5	0	0	0	0
207.5	0	0	0	0
212.5	0	0	0	0
217.5	0	0	0	0
222.5	0	0	0	0
227.5	0	0	0	0
232.5	0	0	0	0
237.5	0	0	0	0
Mean length in catch 
mean	sd	5%	95%
32.735	0.2144	32.3966	33.0806
   
