Summary of catch at age: 
   
Estimates are extracted from: TORSK2018_ns_v00.fit.2018_allgears_III_season1234 
based on fitted object: TORSK2018_ns_v00.fit 
   
Catch at age is summed over: 
years: 2018 
areas: 9 
gears: 31 32 35 36 37 41 43 51 52 
seasons: 1 2 3 4 
total used catch: 139.4029 tons 
total reported catch: 139.4029 tons 
   
Catch at age (millions) 
age	mean	sd	5%	95%
1	0.004	0.0019	0.0017	0.008
2	0.0229	0.0069	0.0129	0.0352
3	0.0071	0.0032	0.0029	0.0137
4	0.0045	0.0018	0.0022	0.0078
5	0.0046	0.0018	0.0022	0.0078
6	0.0036	0.0015	0.0016	0.0068
7	0.0017	9e-04	5e-04	0.0031
8	7e-04	6e-04	1e-04	0.0019
9	5e-04	3e-04	1e-04	0.0011
10	1e-04	1e-04	0	2e-04
11	1e-04	0	0	1e-04
12	1e-04	1e-04	0	3e-04
13	0	0	0	1e-04
14	0	0	0	0
15+	0	0	0	1e-04
Mean age in catch 
mean	sd	5%	95%
3.2051	0.206	2.8986	3.5347
   
Length at age (cm) 
age	mean	sd	5%	95%
1	36.782	2.205	33.2502	40.2352
2	49.6624	2.8404	45.2062	54.1978
3	59.1354	3.3562	54.0269	64.6057
4	67.5007	3.7056	61.9286	73.4736
5	74.988	4.1355	68.3869	81.4613
6	82.2148	4.5502	74.8952	89.4149
7	90.2688	5.0628	82.2371	98.5152
8	96.7128	5.4232	88.115	105.9602
9	103.1539	5.9454	94.0047	112.4535
10	109.8077	6.7048	99.1989	121.4313
11	115.1516	6.5614	104.3047	125.3068
12	119.6634	6.844	108.5	131.1071
13	125.5558	7.5014	113.4264	138.4152
14	130.4915	28.9085	116.1721	150.2923
15+	149.551	9.3263	135.3066	164.9991
Mean length in catch 
mean	sd	5%	95%
59.3688	3.8879	53.5617	65.6901
   
Weight at age (g) 
age	mean	sd	5%	95%
1	580.0926	106.154	426.4654	750.2569
2	1405.0053	248.8424	1044.2466	1811.1074
3	2331.6141	406.9175	1737.7946	3003.8099
4	3478.4017	585.8187	2625.0602	4448.4959
5	4781.8047	809.0656	3546.9913	6042.4435
6	6222.1889	1054.8089	4674.8544	7941.3308
7	8232.0883	1425.9184	6101.907	10679.7501
8	10193.7472	1768.9112	7674.7968	13168.3438
9	12175.9715	2165.8581	8973.3245	15737.6739
10	14506.0174	2799.4105	10434.3865	19622.8271
11	16923.0913	2995.9451	12428.4849	21466.7261
12	19036.0562	3372.0655	14012.9993	24809.9028
13	21410.4548	3979.88	15676.689	28377.0836
14	27689.1998	8890.0264	16045.3983	39503.9538
15+	37748.0541	7144.0609	27184.1126	50548.584
Mean weight in catch 
mean	sd	5%	95%
2901.785	586.774	2048.099	3820.8186
   
Catch at length (millions) 
length	mean	sd	5%	95%
2.5	0	0	0	0
7.5	0	0	0	0
12.5	0	0	0	0
17.5	0	0	0	0
22.5	0	0	0	0
27.5	3e-04	7e-04	0	0.0017
32.5	0.0016	0.0011	3e-04	0.0036
37.5	0.0017	0.0021	4e-04	0.0064
42.5	0.0059	0.0045	5e-04	0.0141
47.5	0.0085	0.005	0.002	0.0186
52.5	0.0089	0.0042	0.0027	0.0151
57.5	0.0051	0.003	0.0014	0.0109
62.5	0.0035	0.0017	0.0011	0.0067
67.5	0.0031	0.0015	0.001	0.0057
72.5	0.003	0.0013	0.001	0.0054
77.5	0.0027	0.0011	0.0012	0.0046
82.5	0.002	9e-04	8e-04	0.0037
87.5	0.0013	6e-04	5e-04	0.0024
92.5	9e-04	4e-04	3e-04	0.0016
97.5	5e-04	3e-04	1e-04	0.0011
102.5	3e-04	2e-04	1e-04	7e-04
107.5	2e-04	2e-04	0	4e-04
112.5	1e-04	1e-04	0	3e-04
117.5	1e-04	1e-04	0	2e-04
122.5	0	1e-04	0	1e-04
127.5	0	0	0	1e-04
132.5	0	0	0	0
137.5	0	0	0	0
142.5	0	0	0	0
147.5	0	0	0	0
152.5	0	0	0	0
157.5	0	0	0	0
162.5	0	0	0	0
167.5	0	0	0	0
172.5	0	0	0	0
177.5	0	0	0	0
182.5	0	0	0	0
187.5	0	0	0	0
192.5	0	0	0	0
197.5	0	0	0	0
202.5	0	0	0	0
207.5	0	0	0	0
212.5	0	0	0	0
217.5	0	0	0	0
222.5	0	0	0	0
227.5	0	0	0	0
232.5	0	0	0	0
237.5	0	0	0	0
Mean length in catch 
mean	sd	5%	95%
58.7911	3.8687	52.9523	65.083
   
