Summary of catch at age: 
   
Estimates are extracted from: TORSK2018_ns_v00.fit.2018_allgears_IV_season1234 
based on fitted object: TORSK2018_ns_v00.fit 
   
Catch at age is summed over: 
years: 2018 
areas: 8 28 40 41 42 
gears: 31 32 35 36 37 41 43 51 52 
seasons: 1 2 3 4 
total used catch: 5132.676 tons 
total reported catch: 5132.676 tons 
   
Catch at age (millions) 
age	mean	sd	5%	95%
1	0.1002	0.0375	0.0542	0.1688
2	0.5569	0.1239	0.38	0.7553
3	0.2029	0.0579	0.1131	0.308
4	0.2215	0.0564	0.1379	0.3113
5	0.2139	0.0484	0.1467	0.3053
6	0.1784	0.0458	0.1089	0.262
7	0.0706	0.0246	0.0361	0.1156
8	0.0287	0.017	0.007	0.0587
9	0.0162	0.0084	0.0065	0.0341
10	0.0021	0.0015	3e-04	0.0049
11	0.0023	0.0012	9e-04	0.0047
12	0.0035	0.0025	9e-04	0.0084
13	0.0012	0.001	2e-04	0.0032
14	3e-04	3e-04	0	9e-04
15+	0.0033	0.0021	0.0012	0.008
Mean age in catch 
mean	sd	5%	95%
3.6826	0.1549	3.4228	3.9512
   
Length at age (cm) 
age	mean	sd	5%	95%
1	35.0268	1.38	32.6311	37.1867
2	47.0542	1.6772	44.0685	49.5894
3	57.2299	1.8254	54.0063	60.0041
4	67.4098	1.9809	64.025	70.292
5	74.8563	2.2521	71.2156	78.3122
6	81.3432	2.4692	77.6271	85.0478
7	88.0384	3.0706	83.4673	93.0622
8	95.0102	3.5551	89.1442	100.5208
9	97.8043	3.6765	92.0142	103.7466
10	104.6461	4.8974	96.2562	112.1442
11	111.8243	4.8573	103.3413	119.0145
12	116.4615	4.8479	108.4802	124.2487
13	119.9801	5.8042	110.4874	129.4916
14	135.5013	4.9977	127.4981	143.5618
15+	152.3989	6.9808	141.5354	165.3199
Mean length in catch 
mean	sd	5%	95%
61.7652	2.3586	58.0621	65.3728
   
Weight at age (g) 
age	mean	sd	5%	95%
1	479.2974	56.2109	385.1951	575.3404
2	1148.5612	122.3788	934.0035	1347.834
3	2080.7635	199.0971	1759.3958	2397.6805
4	3437.2965	326.0293	2989.0968	3929.7724
5	4688.823	442.5791	4056.4162	5417.6602
6	5963.0467	557.8808	5153.3659	6894.8145
7	7523.946	846.6258	6334.5716	9050.8871
8	9482.9689	1146.0705	7797.8434	11386.619
9	10097.3415	1178.1153	8248.2439	12074.6687
10	12422.5358	1845.7425	9640.28	15424.4728
11	15321.3962	2135.572	11910.377	18607.5218
12	17254.673	2354.183	13819.4697	21271.0866
13	18572.4224	2969.2316	14202.8465	23916.9579
14	27449.2491	3399.0213	22273.003	33061.7084
15+	39586.7982	5736.0992	31315.6964	50386.0883
Mean weight in catch 
mean	sd	5%	95%
3239.4342	337.0884	2759.0162	3786.8465
   
Catch at length (millions) 
length	mean	sd	5%	95%
2.5	0	0	0	0
7.5	0	0	0	0
12.5	0	0	0	0
17.5	0	0	0	0
22.5	0	0	0	0
27.5	0.0093	0.0171	0	0.0458
32.5	0.046	0.019	0.0208	0.0824
37.5	0.057	0.0568	0.0164	0.1761
42.5	0.2019	0.0827	0.0847	0.3441
47.5	0.2682	0.0821	0.1259	0.4081
52.5	0.1386	0.0548	0.0541	0.2376
57.5	0.1165	0.041	0.0587	0.1927
62.5	0.1073	0.0472	0.0433	0.1916
67.5	0.1327	0.0405	0.071	0.2042
72.5	0.1567	0.0508	0.078	0.2387
77.5	0.1197	0.0367	0.0644	0.1835
82.5	0.1097	0.0322	0.052	0.1614
87.5	0.0599	0.0197	0.0317	0.0943
92.5	0.0357	0.0132	0.0158	0.0601
97.5	0.0201	0.0082	0.0086	0.0355
102.5	0.0091	0.0053	0.0033	0.0196
107.5	0.0042	0.0026	0.0015	0.0089
112.5	0.0024	0.0015	8e-04	0.005
117.5	0.0015	0.001	5e-04	0.0035
122.5	0.0011	8e-04	3e-04	0.0026
127.5	7e-04	5e-04	2e-04	0.0015
132.5	6e-04	4e-04	2e-04	0.0014
137.5	5e-04	4e-04	1e-04	0.0014
142.5	5e-04	6e-04	1e-04	0.0017
147.5	5e-04	6e-04	1e-04	0.0014
152.5	4e-04	4e-04	0	0.0011
157.5	3e-04	3e-04	0	0.001
162.5	4e-04	4e-04	0	0.0012
167.5	3e-04	3e-04	0	9e-04
172.5	2e-04	3e-04	0	8e-04
177.5	1e-04	2e-04	0	5e-04
182.5	0	1e-04	0	1e-04
187.5	0	0	0	0
192.5	0	0	0	0
197.5	0	0	0	0
202.5	0	0	0	0
207.5	0	0	0	0
212.5	0	0	0	0
217.5	0	0	0	0
222.5	0	0	0	0
227.5	0	0	0	0
232.5	0	0	0	0
237.5	0	0	0	0
Mean length in catch 
mean	sd	5%	95%
61.187	2.3107	57.3978	64.6308
   
